shape_id,shape_pt_lat,shape_pt_lon,shape_pt_sequence,shape_dist_traveled
shp_1_0_0,38.637098,-9.151020,0,0
shp_1_0_0,38.637324,-9.151333,1,36.953138161070001
shp_1_0_0,38.637351,-9.151369,2,41.269191584371860
shp_1_0_0,38.637368,-9.151393,3,44.096087655298334
shp_1_0_0,38.637396,-9.151416,4,47.818977945664408
shp_1_0_0,38.637422,-9.151430,5,50.914551945763776
shp_1_0_0,38.637444,-9.151440,6,53.619308242424843
shp_1_0_0,38.637463,-9.151447,7,55.754796818318994
shp_1_0_0,38.637484,-9.151451,8,58.089483797118454
shp_1_0_0,38.637504,-9.151453,9,60.395413334038864
shp_1_0_0,38.637535,-9.151453,10,63.753504756830111
shp_1_0_0,38.637586,-9.151445,11,69.507927938656962
shp_1_0_0,38.637645,-9.151431,12,76.241216886546027
shp_1_0_0,38.637742,-9.151404,13,87.219548178545594
shp_1_0_0,38.638022,-9.151328,14,119.026283792317429
shp_1_0_0,38.638053,-9.151319,15,122.587982878202283
shp_1_0_0,38.638070,-9.151322,16,124.467654482962047
shp_1_0_0,38.638153,-9.151322,17,133.730204666416256
shp_1_0_0,38.638201,-9.151334,18,139.170052002323871
shp_1_0_0,38.638223,-9.151343,19,141.767398436200466
shp_1_0_0,38.638245,-9.151356,20,144.433990994185592
shp_1_0_0,38.638270,-9.151373,21,147.555702497333243
shp_1_0_0,38.638301,-9.151405,22,152.029227836180894
shp_1_0_0,38.638459,-9.151582,23,175.350411996311436
shp_1_0_0,38.638510,-9.151639,24,182.881383387934449
shp_1_0_0,38.638579,-9.151693,25,191.945932105715400
shp_1_0_0,38.638662,-9.151742,26,202.058658852932325
shp_1_0_0,38.639127,-9.151904,27,255.641698718294862
shp_1_0_0,38.639210,-9.151936,28,265.245852498811132
shp_1_0_0,38.639269,-9.151950,29,271.910355245585947
shp_1_0_0,38.639320,-9.151955,30,277.609663222052461
shp_1_0_0,38.639405,-9.151955,31,287.061245041742438
shp_1_0_0,38.639492,-9.151939,32,296.818627338128920
shp_1_0_0,38.639558,-9.151919,33,304.416382275808473
shp_1_0_0,38.639650,-9.151862,34,315.741247859879650
shp_1_0_0,38.639700,-9.151821,35,322.390467366713267
shp_1_0_0,38.639739,-9.151789,36,327.578764136387747
shp_1_0_0,38.639759,-9.151772,37,330.173886640068304
shp_1_0_0,38.639783,-9.151751,38,333.415490985072836
shp_1_0_0,38.640495,-9.150820,39,446.577516047661902
shp_1_0_0,38.640562,-9.150761,40,455.559168538810923
shp_1_0_0,38.640638,-9.150733,41,464.436400009651891
shp_1_0_0,38.640712,-9.150713,42,472.849966073293842
shp_1_0_0,38.640774,-9.150707,43,479.772903831570886
shp_1_0_0,38.640824,-9.150710,44,485.293927990155282
shp_1_0_0,38.640874,-9.150722,45,490.922345964792100
shp_1_0_0,38.640933,-9.150747,46,497.851606204552070
shp_1_0_0,38.641011,-9.150788,47,507.292394526990336
shp_1_0_0,38.641288,-9.150970,48,541.888921267836963
shp_1_0_0,38.642236,-9.151593,49,660.383486843297874
shp_1_0_0,38.642502,-9.151768,50,693.574554861274464
shp_1_0_0,38.642728,-9.151917,51,721.882380244872252
shp_1_0_0,38.642866,-9.152003,52,738.970943166392772
shp_1_0_0,38.643144,-9.152180,53,773.441408808456231
shp_1_0_0,38.643316,-9.152267,54,794.000728514884827
shp_1_0_0,38.643557,-9.152368,55,822.221666229823427
shp_1_0_0,38.643727,-9.152424,56,841.746910613538148
shp_1_0_0,38.643867,-9.152461,57,857.571504703432538
shp_1_0_0,38.646880,-9.153158,58,1198.117306422449019
shp_1_0_0,38.646997,-9.153182,59,1211.214800209410441
shp_1_0_0,38.647108,-9.153198,60,1223.711810103161724
shp_1_0_0,38.647238,-9.153210,61,1238.128318988676938
shp_1_0_0,38.647339,-9.153214,62,1249.441672773399659
shp_1_0_0,38.647447,-9.153220,63,1261.470669998966059
shp_1_0_0,38.647563,-9.153217,64,1274.360157637076782
shp_1_0_0,38.647692,-9.153208,65,1288.645124792834622
shp_1_0_0,38.647888,-9.153184,66,1310.561760094950841
shp_1_0_0,38.648249,-9.153140,67,1350.884640229141951
shp_1_0_0,38.648526,-9.153108,68,1381.844791102723093
shp_1_0_0,38.648847,-9.153071,69,1417.685876722386865
shp_1_0_0,38.648984,-9.153058,70,1432.969940559923771
shp_1_0_0,38.649231,-9.153040,71,1460.403862828074807
shp_1_0_0,38.649451,-9.153031,72,1484.911257944748741
shp_1_0_0,38.649673,-9.153030,73,1509.563392310685231
shp_1_0_0,38.649826,-9.153033,74,1526.666686058433925
shp_1_0_0,38.649917,-9.153038,75,1536.795126118417102
shp_1_0_0,38.650039,-9.153045,76,1550.384881359461360
shp_1_0_0,38.650256,-9.153071,77,1574.539702528600174
shp_1_0_0,38.650413,-9.153092,78,1592.166005295876630
shp_1_0_0,38.650606,-9.153119,79,1613.672295870229846
shp_1_0_0,38.650800,-9.153162,80,1635.651129759977948
shp_1_0_0,38.650956,-9.153197,81,1653.200644712153689
shp_1_0_0,38.651418,-9.153306,82,1705.500070489638119
shp_1_0_0,38.653488,-9.153808,83,1939.704415038789875
shp_1_0_0,38.654063,-9.153949,84,2004.772247124757314
shp_1_0_0,38.654224,-9.153987,85,2022.979338921084945
shp_1_0_0,38.654851,-9.154134,86,2093.940382269840939
shp_1_0_0,38.655301,-9.154240,87,2144.767684860395548
shp_1_0_0,38.655564,-9.154304,88,2174.529302764698514
shp_1_0_0,38.655842,-9.154361,89,2205.825669779183499
shp_1_0_0,38.656117,-9.154420,90,2236.824796490951030
shp_1_0_0,38.656465,-9.154498,91,2276.110451049503354
shp_1_0_0,38.656636,-9.154546,92,2295.657873566689432
shp_1_0_0,38.656764,-9.154592,93,2310.409925208239656
shp_1_0_0,38.656921,-9.154667,94,2329.056158315210268
shp_1_0_0,38.657041,-9.154742,95,2343.847888618761317
shp_1_0_0,38.657144,-9.154801,96,2356.469198214294465
shp_1_0_0,38.657352,-9.154953,97,2383.013876319752853
shp_1_0_0,38.657558,-9.155104,98,2409.476000157940234
shp_1_0_0,38.657969,-9.155407,99,2462.142874920193208
shp_1_0_0,38.658755,-9.155985,100,2562.935863282649279
shp_1_0_0,38.660284,-9.157116,101,2759.301560802199674
shp_1_0_0,38.660533,-9.157301,102,2791.354201709180870
shp_1_0_0,38.660754,-9.157464,103,2819.731759528104703
shp_1_0_0,38.660888,-9.157562,104,2836.890400543887154
shp_1_0_0,38.661046,-9.157678,105,2857.126562349484630
shp_1_0_0,38.662509,-9.158755,106,3044.717961321944131
shp_1_0_0,38.663556,-9.159527,107,3179.059577411609098
shp_1_0_0,38.663806,-9.159703,108,3210.805192362523030
shp_1_0_0,38.663864,-9.159740,109,3218.004238731314672
shp_1_0_0,38.663989,-9.159818,110,3233.460511911323010
shp_1_0_0,38.664076,-9.159861,111,3243.805065573704269
shp_1_0_0,38.664161,-9.159903,112,3253.961778676302856
shp_1_0_0,38.664263,-9.159946,113,3265.947303271338114
shp_1_0_0,38.664368,-9.159992,114,3278.196508433902636
shp_1_0_0,38.664450,-9.160023,115,3287.697732583619654
shp_1_0_0,38.664541,-9.160049,116,3298.062002861228393
shp_1_0_0,38.664611,-9.160068,117,3306.033195845995579
shp_1_0_0,38.664709,-9.160089,118,3317.120463970511082
shp_1_0_0,38.664776,-9.160105,119,3324.666151015495871
shp_1_0_0,38.664848,-9.160119,120,3332.775824838543031
shp_1_0_0,38.664919,-9.160129,121,3340.736189753992676
shp_1_0_0,38.664981,-9.160140,122,3347.713485986206706
shp_1_0_0,38.665043,-9.160146,123,3354.636411755534027
shp_1_0_0,38.666208,-9.160234,124,3484.339757893756996
shp_1_0_0,38.666281,-9.160241,125,3492.567164501017942
shp_1_0_0,38.666355,-9.160258,126,3500.870692919537305
shp_1_0_0,38.666411,-9.160284,127,3507.506257687360630
shp_1_0_0,38.666451,-9.160311,128,3512.484867603865496
shp_1_0_0,38.666486,-9.160337,129,3517.062287813040257
shp_1_0_0,38.666530,-9.160381,130,3523.287676813617054
shp_1_0_0,38.666568,-9.160439,131,3529.808155579595223
shp_1_0_0,38.666600,-9.160490,132,3535.474316461189119
shp_1_0_0,38.666637,-9.160572,133,3543.711754470697542
shp_1_0_0,38.666666,-9.160645,134,3550.848780840613472
shp_1_0_0,38.666855,-9.161171,135,3601.046118024842599
shp_1_0_0,38.666993,-9.161560,136,3638.150936294269286
shp_1_0_0,38.667072,-9.161801,137,3660.901649100568648
shp_1_0_0,38.667146,-9.162075,138,3686.003201166268354
shp_1_0_0,38.667194,-9.162300,139,3706.293066999777238
shp_1_0_0,38.667234,-9.162547,140,3728.195711642027618
shp_1_0_0,38.667259,-9.162719,141,3743.361688751246675
shp_1_0_0,38.667280,-9.162933,142,3762.138960766806576
shp_1_0_0,38.667315,-9.163253,143,3790.124505661567582
shp_1_0_0,38.667338,-9.163413,144,3804.302360967487857
shp_1_0_0,38.667364,-9.163538,145,3815.564204514482299
shp_1_0_0,38.667381,-9.163605,146,3821.635420002453429
shp_1_0_0,38.667393,-9.163660,147,3826.616162792906380
shp_1_0_0,38.667428,-9.163797,148,3839.083677682117013
shp_1_0_0,38.667494,-9.164032,149,3860.776253664228989
shp_1_0_0,38.667563,-9.164272,150,3882.948014206544030
shp_1_0_0,38.667615,-9.164454,151,3899.862041404267075
shp_1_0_0,38.667715,-9.164799,152,3931.772617913179147
shp_1_0_0,38.667805,-9.165113,153,3960.828488647884114
shp_1_0_0,38.667916,-9.165500,154,3996.601706052784721
shp_1_0_0,38.667949,-9.165587,155,4004.999104299583450
shp_1_0_0,38.668000,-9.165659,156,4013.353754144726281
shp_1_0_0,38.668068,-9.165722,157,4022.755246809662822
shp_1_0_0,38.668107,-9.165748,158,4027.669800057492921
shp_1_0_0,38.668165,-9.165781,159,4034.730380770538432
shp_1_0_0,38.668222,-9.165810,160,4041.487746079810677
shp_1_0_0,38.668284,-9.165814,161,4048.446548470573816
shp_1_0_0,38.668339,-9.165816,162,4054.498307778067556
shp_1_0_0,38.668415,-9.165798,163,4063.090835351095393
shp_1_0_0,38.668744,-9.165755,164,4099.876830443038671
shp_1_0_0,38.669073,-9.165694,165,4136.868345632835371
shp_1_0_0,38.669160,-9.165700,166,4146.532756390465693
shp_1_0_0,38.669232,-9.165714,167,4154.630538290642107
shp_1_0_0,38.669501,-9.165785,168,4185.164916589267705
shp_1_0_0,38.670780,-9.166125,169,4330.477878296832387
shp_1_0_0,38.671137,-9.166217,170,4370.955723926578685
shp_1_0_0,38.672053,-9.166456,171,4474.854737766674589
shp_1_0_0,38.672372,-9.166539,172,4511.057356985419574
shp_1_0_0,38.672631,-9.166603,173,4540.463862410781985
shp_1_0_0,38.672758,-9.166608,174,4554.527028453785533
shp_1_0_0,38.672880,-9.166607,175,4568.093297674618952
shp_1_0_0,38.673021,-9.166594,176,4583.887563415766635
shp_1_0_0,38.673186,-9.166585,177,4602.208071794840180
shp_1_0_0,38.673327,-9.166567,178,4617.966860659016675
shp_1_0_0,38.673458,-9.166543,179,4632.676789242614177
shp_1_0_0,38.673555,-9.166520,180,4643.696053565708098
shp_1_0_0,38.673699,-9.166491,181,4659.793659702345394
shp_1_0_0,38.673920,-9.166421,182,4685.203066305977700
shp_1_0_0,38.674146,-9.166332,183,4711.491962042599880
shp_1_0_0,38.674383,-9.166206,184,4739.994250055992779
shp_1_0_0,38.674533,-9.166116,185,4758.378284446667749
shp_1_0_0,38.675886,-9.165182,186,4929.253972812708525
shp_1_0_0,38.675960,-9.165123,187,4938.992491584926029
shp_1_0_0,38.676006,-9.165080,188,4945.376581746602824
shp_1_0_0,38.676086,-9.165004,189,4956.387147131105849
shp_1_0_0,38.676137,-9.164947,190,4963.912915807243735
shp_1_0_0,38.676187,-9.164889,191,4971.416094885883467
shp_1_0_0,38.676233,-9.164835,192,4978.351881025146213
shp_1_0_0,38.676274,-9.164774,193,4985.344683233102842
shp_1_0_0,38.676319,-9.164708,194,4993.022423377610721
shp_1_0_0,38.676371,-9.164625,195,5002.150964954627852
shp_1_0_0,38.676428,-9.164532,196,5012.469840663050491
shp_1_0_0,38.676599,-9.164248,197,5043.604557050773110
shp_1_0_0,38.676769,-9.163963,198,5074.746110704531020
shp_1_0_0,38.676882,-9.163775,199,5095.302526600665260
shp_1_0_0,38.676973,-9.163613,200,5112.707704833019307
shp_1_0_0,38.677009,-9.163543,201,5119.933238259861355
shp_1_0_0,38.677068,-9.163418,202,5132.639674813965030
shp_1_0_0,38.677376,-9.162696,203,5204.012927431672324
shp_1_0_0,38.677744,-9.161831,204,5289.597163889553485
shp_1_0_0,38.678264,-9.160593,205,5411.589507439322006
shp_1_0_0,38.678783,-9.159310,206,5537.051242116071080
shp_1_0_0,38.678821,-9.159216,207,5546.225103081979796
shp_1_0_0,38.678903,-9.159015,208,5565.881093764979596
shp_1_0_0,38.679266,-9.158117,209,5653.732063584607204
shp_1_0_0,38.679332,-9.157953,210,5669.722812720257025
shp_1_0_0,38.679358,-9.157887,211,5676.124268478120030
shp_1_0_0,38.679473,-9.157606,212,5703.667572653696880
shp_1_0_0,38.679606,-9.157277,213,5735.861733240505600
shp_1_0_0,38.679634,-9.157208,214,5742.604546986254718
shp_1_0_0,38.680003,-9.156353,215,5827.403832754091127
shp_1_0_0,38.680175,-9.156051,216,5859.810513809044096
shp_1_0_0,38.680194,-9.156018,217,5863.383866103303262
shp_1_0_0,38.680392,-9.155673,218,5900.568669275084176
shp_1_0_0,38.680419,-9.155626,219,5905.586328371838135
shp_1_0_0,38.681247,-9.154173,220,6061.759548539813295
shp_1_0_0,38.681597,-9.153571,221,6126.944503949808677
shp_1_0_0,38.681815,-9.153192,222,6167.739630533144918
shp_1_0_0,38.681930,-9.152999,223,6188.828722953958277
shp_1_0_0,38.682055,-9.152809,224,6210.480372920706031
shp_1_0_0,38.682220,-9.152606,225,6235.862598983383577
shp_1_0_0,38.682274,-9.152536,226,6244.448687773968231
shp_1_0_0,38.682485,-9.152264,227,6277.752359052734391
shp_1_0_0,38.682697,-9.151989,228,6311.223001873577232
shp_1_0_0,38.682739,-9.151934,229,6317.994809197100039
shp_1_0_0,38.683066,-9.151483,230,6371.336165718495067
shp_1_0_0,38.683261,-9.151234,231,6402.016998497972963
shp_1_0_0,38.683417,-9.151036,232,6426.419900441518621
shp_1_0_0,38.683850,-9.150471,233,6495.122729301995605
shp_1_0_0,38.684056,-9.150172,234,6529.748481769013779
shp_1_0_0,38.684196,-9.149944,235,6554.941553255252984
shp_1_0_0,38.684341,-9.149692,236,6582.123355940164402
shp_1_0_0,38.684489,-9.149377,237,6614.014468365223365
shp_1_0_0,38.684620,-9.149074,238,6644.061612874884304
shp_1_0_0,38.684707,-9.148814,239,6668.623292543365096
shp_1_0_0,38.684781,-9.148556,240,6692.479867161256152
shp_1_0_0,38.684843,-9.148267,241,6718.531158855093054
shp_1_0_0,38.684887,-9.148001,242,6742.061295076292481
shp_1_0_0,38.684933,-9.147584,243,6778.651763642651531
shp_1_0_0,38.684965,-9.147260,244,6807.031477885809181
shp_1_0_0,38.684973,-9.147176,245,6814.361448046883197
shp_1_0_0,38.684982,-9.147094,246,6821.559066214447739
shp_1_0_0,38.684991,-9.147043,247,6826.043120059532157
shp_1_0_0,38.685005,-9.146973,248,6832.323663556027896
shp_1_0_0,38.685046,-9.146873,249,6842.148695418515672
shp_1_0_0,38.685101,-9.146797,250,6851.149095132947878
shp_1_0_0,38.685181,-9.146752,251,6860.874939926102343
shp_1_0_0,38.685243,-9.146735,252,6867.834800491133137
shp_1_0_0,38.685346,-9.146726,253,6879.366563315192252
shp_1_0_0,38.685467,-9.146717,254,6892.833744126412967
shp_1_0_0,38.685531,-9.146714,255,6899.934125737499926
shp_1_0_0,38.685640,-9.146716,256,6912.045372688397038
shp_1_0_0,38.685757,-9.146732,257,6925.152146078209626
shp_1_0_0,38.685866,-9.146762,258,6937.529045082543234
shp_1_0_0,38.685977,-9.146816,259,6950.712053189905419
shp_1_0_0,38.686350,-9.147058,260,6997.302329576897137
shp_1_0_0,38.686412,-9.147096,261,7004.946044160909878
shp_1_0_0,38.686621,-9.147228,262,7030.799762364411436
shp_1_0_0,38.686665,-9.147256,263,7036.298104749781487
shp_1_0_0,38.686706,-9.147276,264,7041.106893637786015
shp_1_0_0,38.686747,-9.147292,265,7045.910295977662827
shp_1_0_0,38.686785,-9.147303,266,7050.287530224957663
shp_1_0_0,38.686827,-9.147308,267,7054.936063308353368
shp_1_0_0,38.686884,-9.147312,268,7061.237456688639213
shp_1_0_0,38.686969,-9.147319,269,7070.716961310161423
shp_1_0_0,38.687222,-9.147338,270,7098.932962787517681
shp_1_0_0,38.687551,-9.147362,271,7135.607725650114844
shp_1_0_0,38.687702,-9.147373,272,7152.358203925376984
shp_1_0_0,38.687742,-9.147376,273,7156.813123558154984
shp_1_0_1,38.637098,-9.151020,0,0
shp_1_0_1,38.637324,-9.151333,1,36.953138161070001
shp_1_0_1,38.637351,-9.151369,2,41.269191584371860
shp_1_0_1,38.637368,-9.151393,3,44.096087655298334
shp_1_0_1,38.637396,-9.151416,4,47.818977945664408
shp_1_0_1,38.637422,-9.151430,5,50.914551945763776
shp_1_0_1,38.637444,-9.151440,6,53.619308242424843
shp_1_0_1,38.637463,-9.151447,7,55.754796818318994
shp_1_0_1,38.637484,-9.151451,8,58.089483797118454
shp_1_0_1,38.637504,-9.151453,9,60.395413334038864
shp_1_0_1,38.637535,-9.151453,10,63.753504756830111
shp_1_0_1,38.637586,-9.151445,11,69.507927938656962
shp_1_0_1,38.637645,-9.151431,12,76.241216886546027
shp_1_0_1,38.637742,-9.151404,13,87.219548178545594
shp_1_0_1,38.638022,-9.151328,14,119.026283792317429
shp_1_0_1,38.638053,-9.151319,15,122.587982878202283
shp_1_0_1,38.638070,-9.151322,16,124.467654482962047
shp_1_0_1,38.638153,-9.151322,17,133.730204666416256
shp_1_0_1,38.638201,-9.151334,18,139.170052002323871
shp_1_0_1,38.638223,-9.151343,19,141.767398436200466
shp_1_0_1,38.638245,-9.151356,20,144.433990994185592
shp_1_0_1,38.638270,-9.151373,21,147.555702497333243
shp_1_0_1,38.638301,-9.151405,22,152.029227836180894
shp_1_0_1,38.638459,-9.151582,23,175.350411996311436
shp_1_0_1,38.638510,-9.151639,24,182.881383387934449
shp_1_0_1,38.638579,-9.151693,25,191.945932105715400
shp_1_0_1,38.638662,-9.151742,26,202.058658852932325
shp_1_0_1,38.639127,-9.151904,27,255.641698718294862
shp_1_0_1,38.639210,-9.151936,28,265.245852498811132
shp_1_0_1,38.639269,-9.151950,29,271.910355245585947
shp_1_0_1,38.639320,-9.151955,30,277.609663222052461
shp_1_0_1,38.639405,-9.151955,31,287.061245041742438
shp_1_0_1,38.639492,-9.151939,32,296.818627338128920
shp_1_0_1,38.639558,-9.151919,33,304.416382275808473
shp_1_0_1,38.639650,-9.151862,34,315.741247859879650
shp_1_0_1,38.639700,-9.151821,35,322.390467366713267
shp_1_0_1,38.639739,-9.151789,36,327.578764136387747
shp_1_0_1,38.639759,-9.151772,37,330.173886640068304
shp_1_0_1,38.639783,-9.151751,38,333.415490985072836
shp_1_0_1,38.640495,-9.150820,39,446.577516047661902
shp_1_0_1,38.640562,-9.150761,40,455.559168538810923
shp_1_0_1,38.640638,-9.150733,41,464.436400009651891
shp_1_0_1,38.640712,-9.150713,42,472.849966073293842
shp_1_0_1,38.640774,-9.150707,43,479.772903831570886
shp_1_0_1,38.640824,-9.150710,44,485.293927990155282
shp_1_0_1,38.640874,-9.150722,45,490.922345964792100
shp_1_0_1,38.640933,-9.150747,46,497.851606204552070
shp_1_0_1,38.641011,-9.150788,47,507.292394526990336
shp_1_0_1,38.641288,-9.150970,48,541.888921267836963
shp_1_0_1,38.642236,-9.151593,49,660.383486843297874
shp_1_0_1,38.642502,-9.151768,50,693.574554861274464
shp_1_0_1,38.642728,-9.151917,51,721.882380244872252
shp_1_0_1,38.642866,-9.152003,52,738.970943166392772
shp_1_0_1,38.643144,-9.152180,53,773.441408808456231
shp_1_0_1,38.643316,-9.152267,54,794.000728514884827
shp_1_0_1,38.643557,-9.152368,55,822.221666229823427
shp_1_0_1,38.643727,-9.152424,56,841.746910613538148
shp_1_0_1,38.643867,-9.152461,57,857.571504703432538
shp_1_0_1,38.646880,-9.153158,58,1198.117306422449019
shp_1_0_1,38.646997,-9.153182,59,1211.214800209410441
shp_1_0_1,38.647108,-9.153198,60,1223.711810103161724
shp_1_0_1,38.647238,-9.153210,61,1238.128318988676938
shp_1_0_1,38.647339,-9.153214,62,1249.441672773399659
shp_1_0_1,38.647447,-9.153220,63,1261.470669998966059
shp_1_0_1,38.647563,-9.153217,64,1274.360157637076782
shp_1_0_1,38.647692,-9.153208,65,1288.645124792834622
shp_1_0_1,38.647888,-9.153184,66,1310.561760094950841
shp_1_0_1,38.648249,-9.153140,67,1350.884640229141951
shp_1_0_1,38.648526,-9.153108,68,1381.844791102723093
shp_1_0_1,38.648847,-9.153071,69,1417.685876722386865
shp_1_0_1,38.648984,-9.153058,70,1432.969940559923771
shp_1_0_1,38.649231,-9.153040,71,1460.403862828074807
shp_1_0_1,38.649451,-9.153031,72,1484.911257944748741
shp_1_0_1,38.649673,-9.153030,73,1509.563392310685231
shp_1_0_1,38.649826,-9.153033,74,1526.666686058433925
shp_1_0_1,38.649917,-9.153038,75,1536.795126118417102
shp_1_0_1,38.650039,-9.153045,76,1550.384881359461360
shp_1_0_1,38.650256,-9.153071,77,1574.539702528600174
shp_1_0_1,38.650413,-9.153092,78,1592.166005295876630
shp_1_0_1,38.650606,-9.153119,79,1613.672295870229846
shp_1_0_1,38.650800,-9.153162,80,1635.651129759977948
shp_1_0_1,38.650956,-9.153197,81,1653.200644712153689
shp_1_0_1,38.651418,-9.153306,82,1705.500070489638119
shp_1_0_1,38.653488,-9.153808,83,1939.704415038789875
shp_1_0_1,38.654063,-9.153949,84,2004.772247124757314
shp_1_0_1,38.654224,-9.153987,85,2022.979338921084945
shp_1_0_1,38.654851,-9.154134,86,2093.940382269840939
shp_1_0_1,38.655301,-9.154240,87,2144.767684860395548
shp_1_0_1,38.655564,-9.154304,88,2174.529302764698514
shp_1_0_1,38.655842,-9.154361,89,2205.825669779183499
shp_1_0_1,38.656117,-9.154420,90,2236.824796490951030
shp_1_0_1,38.656465,-9.154498,91,2276.110451049503354
shp_1_0_1,38.656636,-9.154546,92,2295.657873566689432
shp_1_0_1,38.656764,-9.154592,93,2310.409925208239656
shp_1_0_1,38.656921,-9.154667,94,2329.056158315210268
shp_1_0_1,38.657041,-9.154742,95,2343.847888618761317
shp_1_0_1,38.657144,-9.154801,96,2356.469198214294465
shp_1_0_1,38.657352,-9.154953,97,2383.013876319752853
shp_1_0_1,38.657558,-9.155104,98,2409.476000157940234
shp_1_0_1,38.657969,-9.155407,99,2462.142874920193208
shp_1_0_1,38.658755,-9.155985,100,2562.935863282649279
shp_1_0_1,38.660284,-9.157116,101,2759.301560802199674
shp_1_0_1,38.660533,-9.157301,102,2791.354201709180870
shp_1_0_1,38.660754,-9.157464,103,2819.731759528104703
shp_1_0_1,38.660888,-9.157562,104,2836.890400543887154
shp_1_0_1,38.661046,-9.157678,105,2857.126562349484630
shp_1_0_1,38.662509,-9.158755,106,3044.717961321944131
shp_1_0_1,38.663556,-9.159527,107,3179.059577411609098
shp_1_0_1,38.663806,-9.159703,108,3210.805192362523030
shp_1_0_1,38.663864,-9.159740,109,3218.004238731314672
shp_1_0_1,38.663989,-9.159818,110,3233.460511911323010
shp_1_0_1,38.664076,-9.159861,111,3243.805065573704269
shp_1_0_1,38.664161,-9.159903,112,3253.961778676302856
shp_1_0_1,38.664263,-9.159946,113,3265.947303271338114
shp_1_0_1,38.664368,-9.159992,114,3278.196508433902636
shp_1_0_1,38.664450,-9.160023,115,3287.697732583619654
shp_1_0_1,38.664541,-9.160049,116,3298.062002861228393
shp_1_0_1,38.664611,-9.160068,117,3306.033195845995579
shp_1_0_1,38.664709,-9.160089,118,3317.120463970511082
shp_1_0_1,38.664776,-9.160105,119,3324.666151015495871
shp_1_0_1,38.664848,-9.160119,120,3332.775824838543031
shp_1_0_1,38.664919,-9.160129,121,3340.736189753992676
shp_1_0_1,38.664981,-9.160140,122,3347.713485986206706
shp_1_0_1,38.665043,-9.160146,123,3354.636411755534027
shp_1_0_1,38.666208,-9.160234,124,3484.339757893756996
shp_1_0_1,38.666281,-9.160241,125,3492.567164501017942
shp_1_0_1,38.666355,-9.160258,126,3500.870692919537305
shp_1_0_1,38.666411,-9.160284,127,3507.506257687360630
shp_1_0_1,38.666451,-9.160311,128,3512.484867603865496
shp_1_0_1,38.666486,-9.160337,129,3517.062287813040257
shp_1_0_1,38.666530,-9.160381,130,3523.287676813617054
shp_1_0_1,38.666568,-9.160439,131,3529.808155579595223
shp_1_0_1,38.666600,-9.160490,132,3535.474316461189119
shp_1_0_1,38.666637,-9.160572,133,3543.711754470697542
shp_1_0_1,38.666666,-9.160645,134,3550.848780840613472
shp_1_0_1,38.666855,-9.161171,135,3601.046118024842599
shp_1_0_1,38.666993,-9.161560,136,3638.150936294269286
shp_1_0_1,38.667072,-9.161801,137,3660.901649100568648
shp_1_0_1,38.667146,-9.162075,138,3686.003201166268354
shp_1_0_1,38.667194,-9.162300,139,3706.293066999777238
shp_1_0_1,38.667234,-9.162547,140,3728.195711642027618
shp_1_0_1,38.667259,-9.162719,141,3743.361688751246675
shp_1_0_1,38.667280,-9.162933,142,3762.138960766806576
shp_1_0_1,38.667315,-9.163253,143,3790.124505661567582
shp_1_0_1,38.667338,-9.163413,144,3804.302360967487857
shp_1_0_1,38.667364,-9.163538,145,3815.564204514482299
shp_1_0_1,38.667381,-9.163605,146,3821.635420002453429
shp_1_0_1,38.667393,-9.163660,147,3826.616162792906380
shp_1_0_1,38.667428,-9.163797,148,3839.083677682117013
shp_1_0_1,38.667494,-9.164032,149,3860.776253664228989
shp_1_0_1,38.667563,-9.164272,150,3882.948014206544030
shp_1_0_1,38.667615,-9.164454,151,3899.862041404267075
shp_1_0_1,38.667715,-9.164799,152,3931.772617913179147
shp_1_0_1,38.667805,-9.165113,153,3960.828488647884114
shp_1_0_1,38.667916,-9.165500,154,3996.601706052784721
shp_1_0_1,38.667949,-9.165587,155,4004.999104299583450
shp_1_0_1,38.668000,-9.165659,156,4013.353754144726281
shp_1_0_1,38.668068,-9.165722,157,4022.755246809662822
shp_1_0_1,38.668107,-9.165748,158,4027.669800057492921
shp_1_0_1,38.668165,-9.165781,159,4034.730380770538432
shp_1_0_1,38.668222,-9.165810,160,4041.487746079810677
shp_1_0_1,38.668284,-9.165814,161,4048.446548470573816
shp_1_0_1,38.668339,-9.165816,162,4054.498307778067556
shp_1_0_1,38.668415,-9.165798,163,4063.090835351095393
shp_1_0_1,38.668744,-9.165755,164,4099.876830443038671
shp_1_0_1,38.669073,-9.165694,165,4136.868345632835371
shp_1_0_1,38.669160,-9.165700,166,4146.532756390465693
shp_1_0_1,38.669232,-9.165714,167,4154.630538290642107
shp_1_0_1,38.669501,-9.165785,168,4185.164916589267705
shp_1_0_1,38.670780,-9.166125,169,4330.477878296832387
shp_1_0_1,38.671137,-9.166217,170,4370.955723926578685
shp_1_0_1,38.672053,-9.166456,171,4474.854737766674589
shp_1_0_1,38.672372,-9.166539,172,4511.057356985419574
shp_1_0_1,38.672631,-9.166603,173,4540.463862410781985
shp_1_0_1,38.672758,-9.166608,174,4554.527028453785533
shp_1_0_1,38.672880,-9.166607,175,4568.093297674618952
shp_1_0_1,38.673021,-9.166594,176,4583.887563415766635
shp_1_0_1,38.673186,-9.166585,177,4602.208071794840180
shp_1_0_1,38.673327,-9.166567,178,4617.966860659016675
shp_1_0_1,38.673458,-9.166543,179,4632.676789242614177
shp_1_0_1,38.673555,-9.166520,180,4643.696053565708098
shp_1_0_1,38.673699,-9.166491,181,4659.793659702345394
shp_1_0_1,38.673920,-9.166421,182,4685.203066305977700
shp_1_0_1,38.674146,-9.166332,183,4711.491962042599880
shp_1_0_1,38.674383,-9.166206,184,4739.994250055992779
shp_1_0_1,38.674533,-9.166116,185,4758.378284446667749
shp_1_0_1,38.675886,-9.165182,186,4929.253972812708525
shp_1_0_1,38.675960,-9.165123,187,4938.992491584926029
shp_1_0_1,38.676006,-9.165080,188,4945.376581746602824
shp_1_0_1,38.676086,-9.165004,189,4956.387147131105849
shp_1_0_1,38.676137,-9.164947,190,4963.912915807243735
shp_1_0_1,38.676187,-9.164889,191,4971.416094885883467
shp_1_0_1,38.676233,-9.164835,192,4978.351881025146213
shp_1_0_1,38.676274,-9.164774,193,4985.344683233102842
shp_1_0_1,38.676319,-9.164708,194,4993.022423377610721
shp_1_0_1,38.676371,-9.164625,195,5002.150964954627852
shp_1_0_1,38.676428,-9.164532,196,5012.469840663050491
shp_1_0_1,38.676599,-9.164248,197,5043.604557050773110
shp_1_0_1,38.676769,-9.163963,198,5074.746110704531020
shp_1_0_1,38.676882,-9.163775,199,5095.302526600665260
shp_1_0_1,38.676973,-9.163613,200,5112.707704833019307
shp_1_0_1,38.677009,-9.163543,201,5119.933238259861355
shp_1_0_1,38.677068,-9.163418,202,5132.639674813965030
shp_1_0_1,38.677376,-9.162696,203,5204.012927431672324
shp_1_0_1,38.677744,-9.161831,204,5289.597163889553485
shp_1_0_1,38.678264,-9.160593,205,5411.589507439322006
shp_1_0_1,38.678783,-9.159310,206,5537.051242116071080
shp_1_0_1,38.678821,-9.159216,207,5546.225103081979796
shp_1_0_1,38.678903,-9.159015,208,5565.881093764979596
shp_1_0_1,38.679266,-9.158117,209,5653.732063584607204
shp_1_0_1,38.679332,-9.157953,210,5669.722812720257025
shp_1_0_1,38.679358,-9.157887,211,5676.124268478120030
shp_1_0_1,38.679473,-9.157606,212,5703.667572653696880
shp_1_0_1,38.679606,-9.157277,213,5735.861733240505600
shp_1_0_1,38.679634,-9.157208,214,5742.604546986254718
shp_1_0_1,38.680003,-9.156353,215,5827.403832754091127
shp_1_0_1,38.680175,-9.156051,216,5859.810513809044096
shp_1_0_1,38.680194,-9.156018,217,5863.383866103303262
shp_1_0_1,38.680392,-9.155673,218,5900.568669275084176
shp_1_0_1,38.680419,-9.155626,219,5905.586328371838135
shp_1_0_1,38.681247,-9.154173,220,6061.759548539813295
shp_1_0_1,38.681597,-9.153571,221,6126.944503949808677
shp_1_0_1,38.681815,-9.153192,222,6167.739630533144918
shp_1_0_1,38.681930,-9.152999,223,6188.828722953958277
shp_1_0_1,38.682055,-9.152809,224,6210.480372920706031
shp_1_0_1,38.682220,-9.152606,225,6235.862598983383577
shp_1_0_1,38.682274,-9.152536,226,6244.448687773968231
shp_1_0_1,38.682485,-9.152264,227,6277.752359052734391
shp_1_0_1,38.682697,-9.151989,228,6311.223001873577232
shp_1_0_1,38.682739,-9.151934,229,6317.994809197100039
shp_1_0_1,38.683066,-9.151483,230,6371.336165718495067
shp_1_0_1,38.683261,-9.151234,231,6402.016998497972963
shp_1_0_1,38.683417,-9.151036,232,6426.419900441518621
shp_1_0_1,38.683850,-9.150471,233,6495.122729301995605
shp_1_0_1,38.684056,-9.150172,234,6529.748481769013779
shp_1_0_1,38.684196,-9.149944,235,6554.941553255252984
shp_1_0_1,38.684341,-9.149692,236,6582.123355940164402
shp_1_0_1,38.684489,-9.149377,237,6614.014468365223365
shp_1_0_1,38.684620,-9.149074,238,6644.061612874884304
shp_1_0_1,38.684707,-9.148814,239,6668.623292543365096
shp_1_0_1,38.684781,-9.148556,240,6692.479867161256152
shp_1_0_1,38.684843,-9.148267,241,6718.531158855093054
shp_1_0_1,38.684887,-9.148001,242,6742.061295076292481
shp_1_0_1,38.684933,-9.147584,243,6778.651763642651531
shp_1_0_1,38.684965,-9.147260,244,6807.031477885809181
shp_1_0_1,38.684973,-9.147176,245,6814.361448046883197
shp_1_0_1,38.684982,-9.147094,246,6821.559066214447739
shp_1_0_1,38.684991,-9.147043,247,6826.043120059532157
shp_1_0_1,38.685005,-9.146973,248,6832.323663556027896
shp_1_0_1,38.685046,-9.146873,249,6842.148695418515672
shp_1_0_1,38.685101,-9.146797,250,6851.149095132947878
shp_1_0_1,38.685181,-9.146752,251,6860.874939926102343
shp_1_0_1,38.685243,-9.146735,252,6867.834800491133137
shp_1_0_1,38.685346,-9.146726,253,6879.366563315192252
shp_1_0_1,38.685467,-9.146717,254,6892.833744126412967
shp_1_0_1,38.685531,-9.146714,255,6899.934125737499926
shp_1_0_1,38.685640,-9.146716,256,6912.045372688397038
shp_1_0_1,38.685757,-9.146732,257,6925.152146078209626
shp_1_0_1,38.685866,-9.146762,258,6937.529045082543234
shp_1_0_1,38.685977,-9.146816,259,6950.712053189905419
shp_1_0_1,38.686350,-9.147058,260,6997.302329576897137
shp_1_0_1,38.686412,-9.147096,261,7004.946044160909878
shp_1_0_1,38.686621,-9.147228,262,7030.799762364411436
shp_1_0_1,38.686665,-9.147256,263,7036.298104749781487
shp_1_0_1,38.686706,-9.147276,264,7041.106893637786015
shp_1_0_1,38.686747,-9.147292,265,7045.910295977662827
shp_1_0_1,38.686785,-9.147303,266,7050.287530224957663
shp_1_0_1,38.686827,-9.147308,267,7054.936063308353368
shp_1_0_1,38.686884,-9.147312,268,7061.237456688639213
shp_1_0_1,38.686969,-9.147319,269,7070.716961310161423
shp_1_0_1,38.687222,-9.147338,270,7098.932962787517681
shp_1_0_1,38.687551,-9.147362,271,7135.607725650114844
shp_1_0_1,38.687702,-9.147373,272,7152.358203925376984
shp_1_0_1,38.687742,-9.147376,273,7156.813123558154984
shp_2_0_0,38.666216,-9.179967,0,0
shp_2_0_0,38.666359,-9.179634,1,33.023718590056745
shp_2_0_0,38.666455,-9.179405,2,55.613552535800082
shp_2_0_0,38.666533,-9.179222,3,73.624309449364517
shp_2_0_0,38.667059,-9.177991,4,195.494192081843721
shp_2_0_0,38.667267,-9.177513,5,242.990898591417732
shp_2_0_0,38.667421,-9.177150,6,278.885719423498699
shp_2_0_0,38.667552,-9.176892,7,305.642595670498281
shp_2_0_0,38.667636,-9.176762,8,320.293197678136892
shp_2_0_0,38.667809,-9.176560,9,346.237487651608205
shp_2_0_0,38.667949,-9.176423,10,365.841049543712984
shp_2_0_0,38.668059,-9.176298,11,382.249193010762554
shp_2_0_0,38.668100,-9.176230,12,389.701349043037851
shp_2_0_0,38.668131,-9.176166,13,396.203584957749001
shp_2_0_0,38.668145,-9.176111,14,401.218804466136362
shp_2_0_0,38.668147,-9.176046,15,406.933906727051465
shp_2_0_0,38.668139,-9.175973,16,413.309087884245912
shp_2_0_0,38.668121,-9.175872,17,422.343737016458988
shp_2_0_0,38.668092,-9.175749,18,433.475655033935197
shp_2_0_0,38.668071,-9.175652,19,442.209431657621337
shp_2_0_0,38.668045,-9.175535,20,452.727480048279517
shp_2_0_0,38.668031,-9.175444,21,460.846327187568477
shp_2_0_0,38.668031,-9.175340,22,469.814716163391438
shp_2_0_0,38.668032,-9.175295,23,473.786322179024921
shp_2_0_0,38.668036,-9.175242,24,478.357318214216832
shp_2_0_0,38.668042,-9.175192,25,482.722390000407700
shp_2_0_0,38.668050,-9.175150,26,486.529658964003943
shp_2_0_0,38.668060,-9.175090,27,491.826902519677333
shp_2_0_0,38.668197,-9.174389,28,554.567424904228119
shp_2_0_0,38.668886,-9.170477,29,902.767933168530249
shp_2_0_0,38.668894,-9.170429,30,906.965948044663492
shp_2_0_0,38.668936,-9.170144,31,932.196817959944269
shp_2_0_0,38.669001,-9.169816,32,961.581421483988493
shp_2_0_0,38.669022,-9.169722,33,970.027246555616102
shp_2_0_0,38.669044,-9.169648,34,976.898061007256729
shp_2_0_0,38.669067,-9.169586,35,982.927327285237652
shp_2_0_0,38.669100,-9.169519,36,989.742945224838081
shp_2_0_0,38.669127,-9.169459,37,995.819017636413150
shp_2_0_0,38.669261,-9.169246,38,1019.497852715899398
shp_2_0_0,38.669327,-9.169097,39,1034.431584534875356
shp_2_0_0,38.669389,-9.168946,40,1049.184276944583189
shp_2_0_0,38.669426,-9.168845,41,1058.860609612662984
shp_2_0_0,38.669441,-9.168791,42,1063.916978618200119
shp_2_0_0,38.669451,-9.168736,43,1068.777412840298894
shp_2_0_0,38.669458,-9.168677,44,1073.954410824507249
shp_2_0_0,38.669458,-9.168605,45,1080.196914678234407
shp_2_0_0,38.669452,-9.168410,46,1097.141665630404532
shp_2_0_0,38.669446,-9.168240,47,1111.932987020953306
shp_2_0_0,38.669444,-9.168080,48,1125.816179024372786
shp_2_0_0,38.669448,-9.167924,49,1139.313825663630269
shp_2_0_0,38.669458,-9.167729,50,1156.299176532462297
shp_2_0_0,38.669467,-9.167556,51,1171.377086122984110
shp_2_0_0,38.669473,-9.167454,52,1180.250565803932886
shp_2_0_0,38.669505,-9.166842,53,1233.468445868834351
shp_2_0_0,38.669509,-9.166759,54,1240.687295202603536
shp_2_0_0,38.669519,-9.166588,55,1255.603618878157249
shp_2_0_0,38.669518,-9.166503,56,1263.017923790685927
shp_2_0_0,38.669512,-9.166428,57,1269.563290009916273
shp_2_0_0,38.669491,-9.166333,58,1278.145175460298105
shp_2_0_0,38.669457,-9.166220,59,1288.662774803746970
shp_2_0_0,38.669421,-9.166146,60,1296.164590310026597
shp_2_0_0,38.669366,-9.166053,61,1306.335170061127656
shp_2_0_0,38.669314,-9.165981,62,1314.782978600620254
shp_2_0_0,38.669276,-9.165942,63,1320.259468833614619
shp_2_0_0,38.669213,-9.165898,64,1328.209307979332152
shp_2_0_0,38.669120,-9.165854,65,1339.197581631566436
shp_2_0_0,38.669068,-9.165836,66,1345.248490870366368
shp_2_0_0,38.668976,-9.165811,67,1355.657247491648604
shp_2_0_0,38.668739,-9.165796,68,1382.088358230593030
shp_2_0_0,38.668540,-9.165828,69,1404.356801004397767
shp_2_0_0,38.668418,-9.165839,70,1417.958656967969546
shp_2_0_0,38.668341,-9.165857,71,1426.663686795056037
shp_2_0_0,38.668283,-9.165852,72,1433.137547489472581
shp_2_0_0,38.668208,-9.165845,73,1441.502559597041682
shp_2_0_0,38.668155,-9.165836,74,1447.448619269478513
shp_2_0_0,38.668095,-9.165799,75,1454.879701848773493
shp_2_0_0,38.668052,-9.165765,76,1460.481189204872862
shp_2_0_0,38.667977,-9.165688,77,1471.181669643233590
shp_2_0_0,38.667923,-9.165610,78,1480.256283010647621
shp_2_0_0,38.667887,-9.165516,79,1489.318847094063585
shp_2_0_0,38.667775,-9.165127,80,1525.274228717801407
shp_2_0_0,38.667685,-9.164815,81,1554.180081210085064
shp_2_0_0,38.667586,-9.164468,82,1586.244533110610291
shp_2_0_0,38.667464,-9.164046,83,1625.318343007318617
shp_2_0_0,38.667398,-9.163810,84,1647.089288545945465
shp_2_0_0,38.667361,-9.163669,85,1660.050804038884962
shp_2_0_0,38.667349,-9.163615,86,1664.928307582924617
shp_2_0_0,38.667334,-9.163552,87,1670.586807167015650
shp_2_0_0,38.667307,-9.163422,88,1682.302265736510208
shp_2_0_0,38.667283,-9.163259,89,1696.656936754103754
shp_2_0_0,38.667247,-9.162939,90,1724.755798085707511
shp_2_0_0,38.667226,-9.162725,91,1743.454164413901481
shp_2_0_0,38.667202,-9.162555,92,1758.505117412888467
shp_2_0_0,38.667161,-9.162310,93,1780.232091966727239
shp_2_0_0,38.667114,-9.162087,94,1800.278255407541337
shp_2_0_0,38.667041,-9.161816,95,1825.144650609758628
shp_2_0_0,38.666962,-9.161577,96,1847.713128553389879
shp_2_0_0,38.666824,-9.161189,97,1884.753432807416630
shp_2_0_0,38.666636,-9.160663,98,1934.950787526069689
shp_2_0_0,38.666604,-9.160581,99,1942.925297342635076
shp_2_0_0,38.666574,-9.160511,100,1949.805643821983267
shp_2_0_0,38.666545,-9.160463,101,1955.115954227340808
shp_2_0_0,38.666509,-9.160409,102,1961.232065367131554
shp_2_0_0,38.666470,-9.160369,103,1966.868292028803580
shp_2_0_0,38.666436,-9.160345,104,1971.145013391982275
shp_2_0_0,38.666399,-9.160320,105,1975.832591836606525
shp_2_0_0,38.666347,-9.160296,106,1981.962393399979192
shp_2_0_0,38.666278,-9.160279,107,1989.812761238509438
shp_2_0_0,38.666206,-9.160273,108,1997.817105089273127
shp_2_0_0,38.665041,-9.160184,109,2127.531551220805341
shp_2_0_0,38.664978,-9.160178,110,2134.577099309866753
shp_2_0_0,38.664915,-9.160168,111,2141.621674882548632
shp_2_0_0,38.664844,-9.160157,112,2149.593083434916480
shp_2_0_0,38.664771,-9.160144,113,2157.826298261139982
shp_2_0_0,38.664704,-9.160127,114,2165.417301532663714
shp_2_0_0,38.664604,-9.160106,115,2176.629520689682522
shp_2_0_0,38.664534,-9.160087,116,2184.600713704464397
shp_2_0_0,38.664442,-9.160060,117,2195.102795579560279
shp_2_0_0,38.664359,-9.160028,118,2204.778742466961376
shp_2_0_0,38.664254,-9.159983,119,2217.075648066510439
shp_2_0_0,38.664151,-9.159940,120,2229.140542463359907
shp_2_0_0,38.664065,-9.159897,121,2239.382391960109544
shp_2_0_0,38.663977,-9.159852,122,2249.883923746244818
shp_2_0_0,38.663851,-9.159773,123,2265.452973221343655
shp_2_0_0,38.663793,-9.159736,124,2272.747119104585636
shp_2_0_0,38.663542,-9.159559,125,2304.581858015290436
shp_2_0_0,38.662495,-9.158787,126,2438.961054254345527
shp_2_0_0,38.661030,-9.157714,127,2626.556740414112028
shp_2_0_0,38.660875,-9.157601,128,2646.363291095683508
shp_2_0_0,38.660741,-9.157495,129,2663.934386764030478
shp_2_0_0,38.660521,-9.157333,130,2692.146713751673360
shp_2_0_0,38.660271,-9.157147,131,2724.301537385853862
shp_2_0_0,38.658565,-9.155890,132,2943.188265642627357
shp_2_0_0,38.657954,-9.155440,133,3021.520321293622601
shp_2_0_0,38.657541,-9.155136,134,3074.470468362779229
shp_2_0_0,38.657335,-9.154984,135,3100.974493315744439
shp_2_0_0,38.657128,-9.154834,136,3127.357155311157840
shp_2_0_0,38.657051,-9.154785,137,3136.923647061121301
shp_2_0_0,38.656942,-9.154720,138,3150.257990479170076
shp_2_0_0,38.656846,-9.154672,139,3161.758109980974496
shp_2_0_0,38.656724,-9.154621,140,3175.975591164522029
shp_2_0_0,38.656628,-9.154586,141,3187.114937586678025
shp_2_0_0,38.656519,-9.154554,142,3199.540740551291492
shp_2_0_0,38.656404,-9.154525,143,3212.605728967248979
shp_2_0_0,38.656111,-9.154460,144,3245.670339924058226
shp_2_0_0,38.655836,-9.154397,145,3276.681131018969609
shp_2_0_0,38.655560,-9.154334,146,3307.925296831325795
shp_2_0_0,38.655297,-9.154271,147,3337.617717040315256
shp_2_0_0,38.654688,-9.154127,148,3406.483367079919844
shp_2_0_0,38.654219,-9.154017,149,3459.498307819544152
shp_2_0_0,38.654058,-9.153984,150,3477.709671195734700
shp_2_0_0,38.653483,-9.153845,151,3542.745023839415808
shp_2_0_0,38.650962,-9.153239,152,3827.922364014913001
shp_2_0_0,38.650798,-9.153199,153,3846.470450043759229
shp_2_0_0,38.650616,-9.153164,154,3866.965340328520142
shp_2_0_0,38.650417,-9.153130,155,3889.299746685935133
shp_2_0_0,38.650260,-9.153111,156,3906.844617655724960
shp_2_0_0,38.650031,-9.153089,157,3932.342745295754867
shp_2_0_0,38.649917,-9.153080,158,3945.067433795305078
shp_2_0_0,38.649835,-9.153073,159,3954.237266420227115
shp_2_0_0,38.649675,-9.153069,160,3971.964997661056259
shp_2_0_0,38.649451,-9.153071,161,3996.872913628900278
shp_2_0_0,38.649232,-9.153079,162,4021.291132215354082
shp_2_0_0,38.648986,-9.153097,163,4048.636249927386871
shp_2_0_0,38.648849,-9.153110,164,4063.953586875915789
shp_2_0_0,38.648530,-9.153147,165,4099.560549859043931
shp_2_0_0,38.648253,-9.153179,166,4130.531775077834936
shp_2_0_0,38.647891,-9.153223,167,4170.955927063278978
shp_2_0_0,38.647694,-9.153248,168,4192.950044452084512
shp_2_0_0,38.647564,-9.153256,169,4207.357610290081539
shp_2_0_0,38.647447,-9.153259,170,4220.402747437585276
shp_2_0_0,38.647338,-9.153253,171,4232.531747553236528
shp_2_0_0,38.647236,-9.153248,172,4243.949997089621320
shp_2_0_0,38.647106,-9.153237,173,4258.424096974192253
shp_2_0_0,38.646993,-9.153221,174,4271.077745922214490
shp_2_0_0,38.646875,-9.153197,175,4284.287782180276736
shp_2_0_0,38.643861,-9.152500,176,4624.924211677965104
shp_2_0_0,38.643720,-9.152462,177,4640.862979932420785
shp_2_0_0,38.643549,-9.152406,178,4660.582119544781563
shp_2_0_0,38.643305,-9.152304,179,4689.014891957909640
shp_2_0_0,38.643132,-9.152215,180,4709.823287127125695
shp_2_0_0,38.642853,-9.152038,181,4744.410423510456894
shp_2_0_0,38.642714,-9.151952,182,4761.564170330348134
shp_2_0_0,38.642487,-9.151802,183,4789.963012008504847
shp_2_0_0,38.642222,-9.151628,184,4823.068976028615907
shp_2_0_0,38.641276,-9.151003,185,4941.494825603127538
shp_2_0_0,38.640993,-9.150815,186,4976.958516537313699
shp_2_0_0,38.640923,-9.150780,187,4985.218365188157804
shp_2_0_0,38.640867,-9.150756,188,4991.853689849932380
shp_2_0_0,38.640821,-9.150745,189,4997.052399304027858
shp_2_0_0,38.640775,-9.150743,190,5002.183853452824223
shp_2_0_0,38.640716,-9.150748,191,5008.727832673645935
shp_2_0_0,38.640645,-9.150767,192,5016.811544695822704
shp_2_0_0,38.640574,-9.150794,193,5025.074376216685778
shp_2_0_0,38.640513,-9.150847,194,5033.273637272046471
shp_2_0_0,38.639801,-9.151778,195,5146.449633753091803
shp_2_0_0,38.639772,-9.151803,196,5150.258132739159919
shp_2_0_0,38.639755,-9.151818,197,5152.651839995752198
shp_2_0_0,38.639716,-9.151849,198,5157.691060741441106
shp_2_0_0,38.639643,-9.151901,199,5166.990494394386587
shp_2_0_0,38.639568,-9.151952,200,5176.443306012451103
shp_2_0_0,38.639497,-9.151974,201,5184.577634141026465
shp_2_0_0,38.639407,-9.151990,202,5194.693425726721216
shp_2_0_0,38.639319,-9.151990,203,5204.478592787850175
shp_2_0_0,38.639264,-9.151985,204,5210.556846513955861
shp_2_0_0,38.639203,-9.151965,205,5217.539661097727731
shp_2_0_0,38.639120,-9.151944,206,5226.961072375925141
shp_2_0_0,38.638652,-9.151775,207,5280.982276168238968
shp_2_0_0,38.638567,-9.151724,208,5291.511061349868214
shp_2_0_0,38.638493,-9.151668,209,5301.015981520329660
shp_2_0_0,38.638441,-9.151609,210,5308.775443059831559
shp_2_0_0,38.638311,-9.151472,211,5327.478693864066372
shp_2_0_0,38.638259,-9.151421,212,5334.797905746356264
shp_2_0_0,38.638225,-9.151397,213,5339.070772153574580
shp_2_0_0,38.638190,-9.151377,214,5343.383506778169249
shp_2_0_0,38.638139,-9.151368,215,5349.048155399188545
shp_2_0_0,38.638102,-9.151368,216,5353.229099437499826
shp_2_0_0,38.638053,-9.151376,217,5358.645704296731310
shp_2_0_0,38.637546,-9.151510,218,5416.212210999157833
shp_2_0_0,38.637498,-9.151504,219,5421.591546626758827
shp_2_0_0,38.637454,-9.151496,220,5426.534453795863556
shp_2_0_0,38.637387,-9.151470,221,5434.339702927150029
shp_2_0_0,38.637336,-9.151421,222,5441.446362843410498
shp_2_0_0,38.637296,-9.151365,223,5447.981682313269630
shp_2_0_0,38.637075,-9.151051,224,5484.713989041581954
shp_2_0_1,38.666216,-9.179967,0,0
shp_2_0_1,38.666359,-9.179634,1,33.023718590056745
shp_2_0_1,38.666455,-9.179405,2,55.613552535800082
shp_2_0_1,38.666533,-9.179222,3,73.624309449364517
shp_2_0_1,38.667059,-9.177991,4,195.494192081843721
shp_2_0_1,38.667267,-9.177513,5,242.990898591417732
shp_2_0_1,38.667421,-9.177150,6,278.885719423498699
shp_2_0_1,38.667552,-9.176892,7,305.642595670498281
shp_2_0_1,38.667636,-9.176762,8,320.293197678136892
shp_2_0_1,38.667809,-9.176560,9,346.237487651608205
shp_2_0_1,38.667949,-9.176423,10,365.841049543712984
shp_2_0_1,38.668059,-9.176298,11,382.249193010762554
shp_2_0_1,38.668100,-9.176230,12,389.701349043037851
shp_2_0_1,38.668131,-9.176166,13,396.203584957749001
shp_2_0_1,38.668145,-9.176111,14,401.218804466136362
shp_2_0_1,38.668147,-9.176046,15,406.933906727051465
shp_2_0_1,38.668139,-9.175973,16,413.309087884245912
shp_2_0_1,38.668121,-9.175872,17,422.343737016458988
shp_2_0_1,38.668092,-9.175749,18,433.475655033935197
shp_2_0_1,38.668071,-9.175652,19,442.209431657621337
shp_2_0_1,38.668045,-9.175535,20,452.727480048279517
shp_2_0_1,38.668031,-9.175444,21,460.846327187568477
shp_2_0_1,38.668031,-9.175340,22,469.814716163391438
shp_2_0_1,38.668032,-9.175295,23,473.786322179024921
shp_2_0_1,38.668036,-9.175242,24,478.357318214216832
shp_2_0_1,38.668042,-9.175192,25,482.722390000407700
shp_2_0_1,38.668050,-9.175150,26,486.529658964003943
shp_2_0_1,38.668060,-9.175090,27,491.826902519677333
shp_2_0_1,38.668197,-9.174389,28,554.567424904228119
shp_2_0_1,38.668886,-9.170477,29,902.767933168530249
shp_2_0_1,38.668894,-9.170429,30,906.965948044663492
shp_2_0_1,38.668936,-9.170144,31,932.196817959944269
shp_2_0_1,38.669001,-9.169816,32,961.581421483988493
shp_2_0_1,38.669022,-9.169722,33,970.027246555616102
shp_2_0_1,38.669044,-9.169648,34,976.898061007256729
shp_2_0_1,38.669067,-9.169586,35,982.927327285237652
shp_2_0_1,38.669100,-9.169519,36,989.742945224838081
shp_2_0_1,38.669127,-9.169459,37,995.819017636413150
shp_2_0_1,38.669261,-9.169246,38,1019.497852715899398
shp_2_0_1,38.669327,-9.169097,39,1034.431584534875356
shp_2_0_1,38.669389,-9.168946,40,1049.184276944583189
shp_2_0_1,38.669426,-9.168845,41,1058.860609612662984
shp_2_0_1,38.669441,-9.168791,42,1063.916978618200119
shp_2_0_1,38.669451,-9.168736,43,1068.777412840298894
shp_2_0_1,38.669458,-9.168677,44,1073.954410824507249
shp_2_0_1,38.669458,-9.168605,45,1080.196914678234407
shp_2_0_1,38.669452,-9.168410,46,1097.141665630404532
shp_2_0_1,38.669446,-9.168240,47,1111.932987020953306
shp_2_0_1,38.669444,-9.168080,48,1125.816179024372786
shp_2_0_1,38.669448,-9.167924,49,1139.313825663630269
shp_2_0_1,38.669458,-9.167729,50,1156.299176532462297
shp_2_0_1,38.669467,-9.167556,51,1171.377086122984110
shp_2_0_1,38.669473,-9.167454,52,1180.250565803932886
shp_2_0_1,38.669505,-9.166842,53,1233.468445868834351
shp_2_0_1,38.669509,-9.166759,54,1240.687295202603536
shp_2_0_1,38.669519,-9.166588,55,1255.603618878157249
shp_2_0_1,38.669518,-9.166503,56,1263.017923790685927
shp_2_0_1,38.669512,-9.166428,57,1269.563290009916273
shp_2_0_1,38.669491,-9.166333,58,1278.145175460298105
shp_2_0_1,38.669457,-9.166220,59,1288.662774803746970
shp_2_0_1,38.669421,-9.166146,60,1296.164590310026597
shp_2_0_1,38.669366,-9.166053,61,1306.335170061127656
shp_2_0_1,38.669314,-9.165981,62,1314.782978600620254
shp_2_0_1,38.669276,-9.165942,63,1320.259468833614619
shp_2_0_1,38.669213,-9.165898,64,1328.209307979332152
shp_2_0_1,38.669120,-9.165854,65,1339.197581631566436
shp_2_0_1,38.669068,-9.165836,66,1345.248490870366368
shp_2_0_1,38.668976,-9.165811,67,1355.657247491648604
shp_2_0_1,38.668739,-9.165796,68,1382.088358230593030
shp_2_0_1,38.668540,-9.165828,69,1404.356801004397767
shp_2_0_1,38.668418,-9.165839,70,1417.958656967969546
shp_2_0_1,38.668341,-9.165857,71,1426.663686795056037
shp_2_0_1,38.668283,-9.165852,72,1433.137547489472581
shp_2_0_1,38.668208,-9.165845,73,1441.502559597041682
shp_2_0_1,38.668155,-9.165836,74,1447.448619269478513
shp_2_0_1,38.668095,-9.165799,75,1454.879701848773493
shp_2_0_1,38.668052,-9.165765,76,1460.481189204872862
shp_2_0_1,38.667977,-9.165688,77,1471.181669643233590
shp_2_0_1,38.667923,-9.165610,78,1480.256283010647621
shp_2_0_1,38.667887,-9.165516,79,1489.318847094063585
shp_2_0_1,38.667775,-9.165127,80,1525.274228717801407
shp_2_0_1,38.667685,-9.164815,81,1554.180081210085064
shp_2_0_1,38.667586,-9.164468,82,1586.244533110610291
shp_2_0_1,38.667464,-9.164046,83,1625.318343007318617
shp_2_0_1,38.667398,-9.163810,84,1647.089288545945465
shp_2_0_1,38.667361,-9.163669,85,1660.050804038884962
shp_2_0_1,38.667349,-9.163615,86,1664.928307582924617
shp_2_0_1,38.667334,-9.163552,87,1670.586807167015650
shp_2_0_1,38.667307,-9.163422,88,1682.302265736510208
shp_2_0_1,38.667283,-9.163259,89,1696.656936754103754
shp_2_0_1,38.667247,-9.162939,90,1724.755798085707511
shp_2_0_1,38.667226,-9.162725,91,1743.454164413901481
shp_2_0_1,38.667202,-9.162555,92,1758.505117412888467
shp_2_0_1,38.667161,-9.162310,93,1780.232091966727239
shp_2_0_1,38.667114,-9.162087,94,1800.278255407541337
shp_2_0_1,38.667041,-9.161816,95,1825.144650609758628
shp_2_0_1,38.666962,-9.161577,96,1847.713128553389879
shp_2_0_1,38.666824,-9.161189,97,1884.753432807416630
shp_2_0_1,38.666636,-9.160663,98,1934.950787526069689
shp_2_0_1,38.666604,-9.160581,99,1942.925297342635076
shp_2_0_1,38.666574,-9.160511,100,1949.805643821983267
shp_2_0_1,38.666545,-9.160463,101,1955.115954227340808
shp_2_0_1,38.666509,-9.160409,102,1961.232065367131554
shp_2_0_1,38.666470,-9.160369,103,1966.868292028803580
shp_2_0_1,38.666436,-9.160345,104,1971.145013391982275
shp_2_0_1,38.666399,-9.160320,105,1975.832591836606525
shp_2_0_1,38.666347,-9.160296,106,1981.962393399979192
shp_2_0_1,38.666278,-9.160279,107,1989.812761238509438
shp_2_0_1,38.666206,-9.160273,108,1997.817105089273127
shp_2_0_1,38.665041,-9.160184,109,2127.531551220805341
shp_2_0_1,38.664978,-9.160178,110,2134.577099309866753
shp_2_0_1,38.664915,-9.160168,111,2141.621674882548632
shp_2_0_1,38.664844,-9.160157,112,2149.593083434916480
shp_2_0_1,38.664771,-9.160144,113,2157.826298261139982
shp_2_0_1,38.664704,-9.160127,114,2165.417301532663714
shp_2_0_1,38.664604,-9.160106,115,2176.629520689682522
shp_2_0_1,38.664534,-9.160087,116,2184.600713704464397
shp_2_0_1,38.664442,-9.160060,117,2195.102795579560279
shp_2_0_1,38.664359,-9.160028,118,2204.778742466961376
shp_2_0_1,38.664254,-9.159983,119,2217.075648066510439
shp_2_0_1,38.664151,-9.159940,120,2229.140542463359907
shp_2_0_1,38.664065,-9.159897,121,2239.382391960109544
shp_2_0_1,38.663977,-9.159852,122,2249.883923746244818
shp_2_0_1,38.663851,-9.159773,123,2265.452973221343655
shp_2_0_1,38.663793,-9.159736,124,2272.747119104585636
shp_2_0_1,38.663542,-9.159559,125,2304.581858015290436
shp_2_0_1,38.662495,-9.158787,126,2438.961054254345527
shp_2_0_1,38.661030,-9.157714,127,2626.556740414112028
shp_2_0_1,38.660875,-9.157601,128,2646.363291095683508
shp_2_0_1,38.660741,-9.157495,129,2663.934386764030478
shp_2_0_1,38.660521,-9.157333,130,2692.146713751673360
shp_2_0_1,38.660271,-9.157147,131,2724.301537385853862
shp_2_0_1,38.658565,-9.155890,132,2943.188265642627357
shp_2_0_1,38.657954,-9.155440,133,3021.520321293622601
shp_2_0_1,38.657541,-9.155136,134,3074.470468362779229
shp_2_0_1,38.657335,-9.154984,135,3100.974493315744439
shp_2_0_1,38.657128,-9.154834,136,3127.357155311157840
shp_2_0_1,38.657051,-9.154785,137,3136.923647061121301
shp_2_0_1,38.656942,-9.154720,138,3150.257990479170076
shp_2_0_1,38.656846,-9.154672,139,3161.758109980974496
shp_2_0_1,38.656724,-9.154621,140,3175.975591164522029
shp_2_0_1,38.656628,-9.154586,141,3187.114937586678025
shp_2_0_1,38.656519,-9.154554,142,3199.540740551291492
shp_2_0_1,38.656404,-9.154525,143,3212.605728967248979
shp_2_0_1,38.656111,-9.154460,144,3245.670339924058226
shp_2_0_1,38.655836,-9.154397,145,3276.681131018969609
shp_2_0_1,38.655560,-9.154334,146,3307.925296831325795
shp_2_0_1,38.655297,-9.154271,147,3337.617717040315256
shp_2_0_1,38.654688,-9.154127,148,3406.483367079919844
shp_2_0_1,38.654219,-9.154017,149,3459.498307819544152
shp_2_0_1,38.654058,-9.153984,150,3477.709671195734700
shp_2_0_1,38.653483,-9.153845,151,3542.745023839415808
shp_2_0_1,38.650962,-9.153239,152,3827.922364014913001
shp_2_0_1,38.650798,-9.153199,153,3846.470450043759229
shp_2_0_1,38.650616,-9.153164,154,3866.965340328520142
shp_2_0_1,38.650417,-9.153130,155,3889.299746685935133
shp_2_0_1,38.650260,-9.153111,156,3906.844617655724960
shp_2_0_1,38.650031,-9.153089,157,3932.342745295754867
shp_2_0_1,38.649917,-9.153080,158,3945.067433795305078
shp_2_0_1,38.649835,-9.153073,159,3954.237266420227115
shp_2_0_1,38.649675,-9.153069,160,3971.964997661056259
shp_2_0_1,38.649451,-9.153071,161,3996.872913628900278
shp_2_0_1,38.649232,-9.153079,162,4021.291132215354082
shp_2_0_1,38.648986,-9.153097,163,4048.636249927386871
shp_2_0_1,38.648849,-9.153110,164,4063.953586875915789
shp_2_0_1,38.648530,-9.153147,165,4099.560549859043931
shp_2_0_1,38.648253,-9.153179,166,4130.531775077834936
shp_2_0_1,38.647891,-9.153223,167,4170.955927063278978
shp_2_0_1,38.647694,-9.153248,168,4192.950044452084512
shp_2_0_1,38.647564,-9.153256,169,4207.357610290081539
shp_2_0_1,38.647447,-9.153259,170,4220.402747437585276
shp_2_0_1,38.647338,-9.153253,171,4232.531747553236528
shp_2_0_1,38.647236,-9.153248,172,4243.949997089621320
shp_2_0_1,38.647106,-9.153237,173,4258.424096974192253
shp_2_0_1,38.646993,-9.153221,174,4271.077745922214490
shp_2_0_1,38.646875,-9.153197,175,4284.287782180276736
shp_2_0_1,38.643861,-9.152500,176,4624.924211677965104
shp_2_0_1,38.643720,-9.152462,177,4640.862979932420785
shp_2_0_1,38.643549,-9.152406,178,4660.582119544781563
shp_2_0_1,38.643305,-9.152304,179,4689.014891957909640
shp_2_0_1,38.643132,-9.152215,180,4709.823287127125695
shp_2_0_1,38.642853,-9.152038,181,4744.410423510456894
shp_2_0_1,38.642714,-9.151952,182,4761.564170330348134
shp_2_0_1,38.642487,-9.151802,183,4789.963012008504847
shp_2_0_1,38.642222,-9.151628,184,4823.068976028615907
shp_2_0_1,38.641276,-9.151003,185,4941.494825603127538
shp_2_0_1,38.640993,-9.150815,186,4976.958516537313699
shp_2_0_1,38.640923,-9.150780,187,4985.218365188157804
shp_2_0_1,38.640867,-9.150756,188,4991.853689849932380
shp_2_0_1,38.640821,-9.150745,189,4997.052399304027858
shp_2_0_1,38.640775,-9.150743,190,5002.183853452824223
shp_2_0_1,38.640716,-9.150748,191,5008.727832673645935
shp_2_0_1,38.640645,-9.150767,192,5016.811544695822704
shp_2_0_1,38.640574,-9.150794,193,5025.074376216685778
shp_2_0_1,38.640513,-9.150847,194,5033.273637272046471
shp_2_0_1,38.639801,-9.151778,195,5146.449633753091803
shp_2_0_1,38.639772,-9.151803,196,5150.258132739159919
shp_2_0_1,38.639755,-9.151818,197,5152.651839995752198
shp_2_0_1,38.639716,-9.151849,198,5157.691060741441106
shp_2_0_1,38.639643,-9.151901,199,5166.990494394386587
shp_2_0_1,38.639568,-9.151952,200,5176.443306012451103
shp_2_0_1,38.639497,-9.151974,201,5184.577634141026465
shp_2_0_1,38.639407,-9.151990,202,5194.693425726721216
shp_2_0_1,38.639319,-9.151990,203,5204.478592787850175
shp_2_0_1,38.639264,-9.151985,204,5210.556846513955861
shp_2_0_1,38.639203,-9.151965,205,5217.539661097727731
shp_2_0_1,38.639120,-9.151944,206,5226.961072375925141
shp_2_0_1,38.638652,-9.151775,207,5280.982276168238968
shp_2_0_1,38.638567,-9.151724,208,5291.511061349868214
shp_2_0_1,38.638493,-9.151668,209,5301.015981520329660
shp_2_0_1,38.638441,-9.151609,210,5308.775443059831559
shp_2_0_1,38.638311,-9.151472,211,5327.478693864066372
shp_2_0_1,38.638259,-9.151421,212,5334.797905746356264
shp_2_0_1,38.638225,-9.151397,213,5339.070772153574580
shp_2_0_1,38.638190,-9.151377,214,5343.383506778169249
shp_2_0_1,38.638139,-9.151368,215,5349.048155399188545
shp_2_0_1,38.638102,-9.151368,216,5353.229099437499826
shp_2_0_1,38.638053,-9.151376,217,5358.645704296731310
shp_2_0_1,38.637546,-9.151510,218,5416.212210999157833
shp_2_0_1,38.637498,-9.151504,219,5421.591546626758827
shp_2_0_1,38.637454,-9.151496,220,5426.534453795863556
shp_2_0_1,38.637387,-9.151470,221,5434.339702927150029
shp_2_0_1,38.637336,-9.151421,222,5441.446362843410498
shp_2_0_1,38.637296,-9.151365,223,5447.981682313269630
shp_2_0_1,38.637075,-9.151051,224,5484.713989041581954
shp_3_0_0,38.687739,-9.147419,0,0
shp_3_0_0,38.687701,-9.147416,1,4.243497335762290
shp_3_0_0,38.687550,-9.147405,2,21.106475375676649
shp_3_0_0,38.687220,-9.147381,3,57.817011606579840
shp_3_0_0,38.686968,-9.147361,4,85.846427862391465
shp_3_0_0,38.686884,-9.147354,5,95.293685965179648
shp_3_0_0,38.686809,-9.147348,6,103.591966663330723
shp_3_0_0,38.686774,-9.147346,7,107.543597952901521
shp_3_0_0,38.686740,-9.147338,8,111.320882912855609
shp_3_0_0,38.686706,-9.147325,9,115.339693364723317
shp_3_0_0,38.686663,-9.147302,10,120.504160436300552
shp_3_0_0,38.686613,-9.147269,11,126.732717202715392
shp_3_0_0,38.686115,-9.146955,12,188.479007607437609
shp_3_0_0,38.686027,-9.146891,13,199.728885515433888
shp_3_0_0,38.685893,-9.146825,14,215.671560415004421
shp_3_0_0,38.685769,-9.146781,15,229.946739541555587
shp_3_0_0,38.685648,-9.146754,16,243.655737616524732
shp_3_0_0,38.685493,-9.146748,17,260.886231640861922
shp_3_0_0,38.685470,-9.146749,18,263.444086683853754
shp_3_0_0,38.685353,-9.146758,19,276.522789840119117
shp_3_0_0,38.685248,-9.146775,20,288.249217509361245
shp_3_0_0,38.685192,-9.146792,21,294.685283183385195
shp_3_0_0,38.685120,-9.146832,22,303.337184150219628
shp_3_0_0,38.685072,-9.146897,23,311.121310330722793
shp_3_0_0,38.685035,-9.146988,24,320.078779086644033
shp_3_0_0,38.685022,-9.147046,25,325.248268093516515
shp_3_0_0,38.685014,-9.147101,26,330.140379238695516
shp_3_0_0,38.685003,-9.147182,27,337.303393379333500
shp_3_0_0,38.684995,-9.147275,28,345.419592925147526
shp_3_0_0,38.684964,-9.147589,29,372.879758320278654
shp_3_0_0,38.684917,-9.148008,30,409.610834977275601
shp_3_0_0,38.684873,-9.148276,31,433.360183639643139
shp_3_0_0,38.684811,-9.148568,32,459.663491938828827
shp_3_0_0,38.684735,-9.148828,33,483.754446414113374
shp_3_0_0,38.684647,-9.149091,34,508.583305673456891
shp_3_0_0,38.684516,-9.149395,35,538.763675489962793
shp_3_0_0,38.684367,-9.149714,36,570.965605231326890
shp_3_0_0,38.684221,-9.149968,37,598.400049956063299
shp_3_0_0,38.684080,-9.150197,38,623.716218858137836
shp_3_0_0,38.683872,-9.150498,39,658.527027381165908
shp_3_0_0,38.683439,-9.151063,40,727.340120139448231
shp_3_0_0,38.683284,-9.151261,41,751.658977476804239
shp_3_0_0,38.683087,-9.151511,42,782.403710622878179
shp_3_0_0,38.682763,-9.151964,43,835.818213872074011
shp_3_0_0,38.682722,-9.152017,44,842.267004787009910
shp_3_0_0,38.682509,-9.152293,45,875.975459721182347
shp_3_0_0,38.682299,-9.152565,46,909.157686184617546
shp_3_0_0,38.682244,-9.152635,47,917.790254976443066
shp_3_0_0,38.682072,-9.152846,48,944.295135779521729
shp_3_0_0,38.681951,-9.153034,49,965.453526922533001
shp_3_0_0,38.681829,-9.153230,50,987.164901999531139
shp_3_0_0,38.681609,-9.153595,51,1027.165489703195817
shp_3_0_0,38.681268,-9.154189,52,1091.188795868400803
shp_3_0_0,38.680439,-9.155647,53,1247.738819472995146
shp_3_0_0,38.680414,-9.155692,54,1252.592747444837414
shp_3_0_0,38.680216,-9.156040,55,1289.951848247964563
shp_3_0_0,38.680197,-9.156073,56,1293.539215947612092
shp_3_0_0,38.680027,-9.156372,57,1325.586083188892644
shp_3_0_0,38.679665,-9.157225,58,1409.913060616334405
shp_3_0_0,38.679636,-9.157296,59,1416.861339321204923
shp_3_0_0,38.679501,-9.157626,60,1449.165813322987788
shp_3_0_0,38.679388,-9.157906,61,1476.609006361799857
shp_3_0_0,38.679354,-9.157989,62,1484.642813178342067
shp_3_0_0,38.679295,-9.158136,63,1499.006156719613273
shp_3_0_0,38.678933,-9.159034,64,1586.806091163819474
shp_3_0_0,38.678835,-9.159270,65,1610.012950523418340
shp_3_0_0,38.678825,-9.159298,66,1612.692463226026803
shp_3_0_0,38.678293,-9.160613,67,1741.216357521762120
shp_3_0_0,38.677774,-9.161850,68,1863.152755651267853
shp_3_0_0,38.677407,-9.162711,69,1948.326374968227810
shp_3_0_0,38.676951,-9.163780,70,2053.990019905000736
shp_3_0_0,38.676924,-9.163838,71,2059.878366065655882
shp_3_0_0,38.676879,-9.163926,72,2069.029842623977856
shp_3_0_0,38.676825,-9.164019,73,2079.091864944828558
shp_3_0_0,38.676655,-9.164303,74,2110.164894173999528
shp_3_0_0,38.676485,-9.164587,75,2141.231194674841845
shp_3_0_0,38.676444,-9.164653,76,2148.546067501524249
shp_3_0_0,38.676364,-9.164772,77,2162.179966328844785
shp_3_0_0,38.676319,-9.164828,78,2169.128759283834825
shp_3_0_0,38.676265,-9.164895,79,2177.544416316777188
shp_3_0_0,38.676197,-9.164977,80,2187.902606019103132
shp_3_0_0,38.676104,-9.165067,81,2200.871272882347512
shp_3_0_0,38.676036,-9.165121,82,2209.739407347536599
shp_3_0_0,38.675984,-9.165165,83,2216.706392471628988
shp_3_0_0,38.675909,-9.165220,84,2226.252014828834035
shp_3_0_0,38.675836,-9.165272,85,2235.584428039537670
shp_3_0_0,38.674544,-9.166143,86,2397.927154477300974
shp_3_0_0,38.674391,-9.166247,87,2417.120098820420480
shp_3_0_0,38.674245,-9.166343,88,2435.437999262757330
shp_3_0_0,38.673975,-9.166472,89,2467.496046544211822
shp_3_0_0,38.673715,-9.166568,90,2497.570898047542869
shp_3_0_0,38.673570,-9.166611,91,2514.055681551080852
shp_3_0_0,38.673470,-9.166635,92,2525.435875652527102
shp_3_0_0,38.673336,-9.166659,93,2540.493195577778806
shp_3_0_0,38.673191,-9.166678,94,2556.632498316182591
shp_3_0_0,38.673023,-9.166686,95,2575.327840121956342
shp_3_0_0,38.672873,-9.166686,96,2592.040496756751963
shp_3_0_0,38.672754,-9.166676,97,2605.357780535116945
shp_3_0_0,38.672623,-9.166657,98,2619.993382714419567
shp_3_0_0,38.672322,-9.166581,99,2654.045955704805692
shp_3_0_0,38.672253,-9.166597,100,2661.899390987258812
shp_3_0_0,38.672211,-9.166613,101,2666.718505975304652
shp_3_0_0,38.672172,-9.166635,102,2671.443386286460282
shp_3_0_0,38.672046,-9.166747,103,2688.495823485494384
shp_3_0_0,38.671886,-9.166888,104,2710.083537060924300
shp_3_0_0,38.671244,-9.167451,105,2796.663379430215628
shp_3_0_0,38.671185,-9.167502,106,2804.518049870458981
shp_3_0_0,38.671108,-9.167542,107,2813.803225721573199
shp_3_0_0,38.671016,-9.167571,108,2824.359664923877972
shp_3_0_0,38.670908,-9.167595,109,2836.488921536326870
shp_3_0_0,38.670519,-9.167659,110,2880.086050944576527
shp_3_0_0,38.670440,-9.167686,111,2889.237872640211208
shp_3_0_0,38.670375,-9.167721,112,2897.064678780890063
shp_3_0_0,38.670327,-9.167770,113,2903.901924575207886
shp_3_0_0,38.670291,-9.167804,114,2908.882138078920889
shp_3_0_0,38.670253,-9.167847,115,2914.494843808065525
shp_3_0_0,38.669938,-9.168247,116,2963.806645679295343
shp_3_0_0,38.669744,-9.168519,117,2995.755247956467883
shp_3_0_0,38.669653,-9.168661,118,3011.734029128079328
shp_3_0_0,38.669288,-9.169268,119,3078.284044162388909
shp_3_0_0,38.669175,-9.169456,120,3098.793292565233514
shp_3_0_0,38.669129,-9.169542,121,3107.868840818241097
shp_3_0_0,38.669100,-9.169605,122,3114.261474170563361
shp_3_0_0,38.669073,-9.169675,123,3121.001742140621445
shp_3_0_0,38.669054,-9.169739,124,3126.974723751188776
shp_3_0_0,38.669034,-9.169824,125,3134.676943354332707
shp_3_0_0,38.668964,-9.170153,126,3164.281507438802691
shp_3_0_0,38.668925,-9.170438,127,3189.423533715568738
shp_3_0_0,38.668917,-9.170485,128,3193.561163729337750
shp_3_0_0,38.668229,-9.174398,129,3541.780728182090570
shp_3_0_0,38.668090,-9.175099,130,3604.575514089608532
shp_3_0_0,38.668072,-9.175216,131,3614.988381128715446
shp_3_0_0,38.668067,-9.175266,132,3619.367972418261616
shp_3_0_0,38.668063,-9.175297,133,3622.082036764252734
shp_3_0_0,38.668062,-9.175341,134,3625.897530589185862
shp_3_0_0,38.668062,-9.175440,135,3634.440504087530371
shp_3_0_0,38.668076,-9.175526,136,3642.090723014256582
shp_3_0_0,38.668101,-9.175641,137,3652.482727562841319
shp_3_0_0,38.668122,-9.175738,138,3661.188426275580696
shp_3_0_0,38.668151,-9.175861,139,3672.384942381071141
shp_3_0_0,38.668170,-9.175966,140,3681.694309188207171
shp_3_0_0,38.668178,-9.176044,141,3688.525796308039844
shp_3_0_0,38.668176,-9.176119,142,3695.031590726902323
shp_3_0_0,38.668159,-9.176183,143,3700.941842620701664
shp_3_0_0,38.668126,-9.176253,144,3708.022890452285537
shp_3_0_0,38.668082,-9.176325,145,3715.995110876478520
shp_3_0_0,38.667969,-9.176454,146,3732.848687312247876
shp_3_0_0,38.667829,-9.176591,147,3752.424034283685614
shp_3_0_0,38.667659,-9.176789,148,3777.979201025512793
shp_3_0_0,38.667577,-9.176915,149,3792.198397768540417
shp_3_0_0,38.667447,-9.177170,150,3818.618103720024465
shp_3_0_0,38.667294,-9.177532,151,3854.381895659022575
shp_3_0_0,38.667086,-9.178010,152,3901.886172816387898
shp_3_0_0,38.666560,-9.179241,153,4023.740789954684715
shp_3_0_0,38.666386,-9.179653,154,4064.367153042325299
shp_3_0_0,38.666239,-9.179997,155,4098.433032896732584
shp_3_0_0,38.666089,-9.180345,156,4132.879143176950492
shp_3_0_0,38.666017,-9.180515,157,4149.738010855162429
shp_3_0_0,38.665990,-9.180627,158,4159.953141955527826
shp_3_0_0,38.665956,-9.180732,159,4169.768928513043647
shp_3_0_0,38.665921,-9.180823,160,4178.621412881501783
shp_3_0_0,38.665435,-9.181944,161,4289.954907136631846
shp_3_0_0,38.665345,-9.182146,162,4310.105632928288287
shp_3_0_0,38.665269,-9.182299,163,4325.806637779879566
shp_3_0_0,38.665137,-9.182569,164,4353.524991583519295
shp_3_0_0,38.665012,-9.182848,165,4381.465569453423996
shp_3_0_0,38.664670,-9.183637,166,4459.772064847416914
shp_3_0_0,38.664595,-9.183801,167,4476.266107118171931
shp_3_0_0,38.664516,-9.183948,168,4491.807487594317536
shp_3_0_0,38.664265,-9.184364,169,4537.432570130182285
shp_3_0_0,38.664159,-9.184541,170,4556.765964723194884
shp_3_0_0,38.664126,-9.184624,171,4564.867952436149608
shp_3_0_0,38.664113,-9.184680,172,4569.975789621463264
shp_3_0_0,38.664103,-9.184777,173,4578.465098516011494
shp_3_0_0,38.664109,-9.184849,174,4584.746895175932877
shp_3_0_0,38.664126,-9.184957,175,4594.250525946413291
shp_3_0_0,38.664201,-9.185284,176,4623.868503775773206
shp_3_0_0,38.664259,-9.185589,177,4651.109984958766290
shp_3_0_0,38.664271,-9.185641,178,4655.881408310820916
shp_3_0_0,38.664282,-9.185692,179,4660.466860823156821
shp_3_0_0,38.664292,-9.185750,180,4665.597526162230679
shp_3_0_0,38.664296,-9.185818,181,4671.555458949250351
shp_3_0_0,38.664295,-9.185869,182,4675.949225976773960
shp_3_0_0,38.664291,-9.185904,183,4679.058328344881375
shp_3_0_0,38.664288,-9.185946,184,4682.681731348093308
shp_3_0_0,38.664276,-9.186004,185,4687.846418609832654
shp_3_0_0,38.664246,-9.186101,186,4696.954104629882750
shp_3_0_0,38.664220,-9.186167,187,4703.351937733768864
shp_3_0_0,38.664184,-9.186249,188,4711.528330263301541
shp_3_0_0,38.663994,-9.186654,189,4752.586115363308636
shp_3_0_0,38.663856,-9.186974,190,4784.273406696773236
shp_3_0_0,38.663803,-9.187129,191,4798.981727912400856
shp_3_0_0,38.663749,-9.187328,192,4817.250693822060384
shp_3_0_0,38.663720,-9.187545,193,4836.388233647244306
shp_3_0_0,38.663705,-9.187837,194,4861.828148474261980
shp_3_0_0,38.663711,-9.188151,195,4889.082537237992256
shp_3_0_0,38.663722,-9.188401,196,4910.776573961992653
shp_3_0_0,38.663741,-9.188655,197,4932.998930289314558
shp_3_0_0,38.663755,-9.188789,198,4944.754665224278142
shp_3_0_0,38.663922,-9.190011,199,5052.409169053127698
shp_3_0_0,38.663967,-9.190349,200,5082.239865753422237
shp_3_0_0,38.664015,-9.190692,201,5112.412871711647313
shp_3_0_0,38.664067,-9.191091,202,5147.554339189033271
shp_3_0_0,38.664075,-9.191156,203,5153.300149450353274
shp_3_0_0,38.664079,-9.191255,204,5161.934371974523856
shp_3_0_0,38.664086,-9.191408,205,5175.228168879102668
shp_3_0_0,38.664075,-9.191577,206,5189.939078375072313
shp_3_0_0,38.664058,-9.191795,207,5208.898105618624868
shp_3_0_0,38.664058,-9.191929,208,5220.541152655561746
shp_3_0_0,38.664086,-9.192092,209,5235.066245682109184
shp_3_0_0,38.664117,-9.192170,210,5242.670130502112443
shp_3_0_0,38.664153,-9.192237,211,5249.713617164160496
shp_3_0_0,38.664213,-9.192315,212,5259.256535888064718
shp_3_0_0,38.664287,-9.192379,213,5269.140680495956076
shp_3_0_0,38.664391,-9.192454,214,5282.484407656997973
shp_3_0_0,38.665372,-9.193093,215,5404.761876934303473
shp_3_0_0,38.665447,-9.193149,216,5414.466854286848502
shp_3_0_0,38.665499,-9.193213,217,5422.534260807109604
shp_3_0_0,38.665524,-9.193264,218,5427.761045342323996
shp_3_0_0,38.665550,-9.193326,219,5433.806564510457974
shp_3_0_0,38.665564,-9.193388,220,5439.404065366018585
shp_3_0_0,38.665575,-9.193452,221,5445.115988106762416
shp_3_0_0,38.665575,-9.193530,222,5451.870722472430316
shp_3_0_0,38.665550,-9.193994,223,5492.233745686107795
shp_3_0_0,38.665531,-9.194339,224,5522.301900035417020
shp_3_0_0,38.665502,-9.194889,225,5570.132567480744001
shp_3_0_0,38.665489,-9.195102,226,5588.671660593616252
shp_3_0_0,38.665459,-9.195271,227,5603.693444292427557
shp_3_0_0,38.665412,-9.195457,228,5620.772235806183744
shp_3_0_0,38.665363,-9.195571,229,5632.000388098686926
shp_3_0_0,38.665303,-9.195694,230,5644.585092770812480
shp_3_0_0,38.665214,-9.195880,231,5663.478819202888189
shp_3_0_0,38.665133,-9.196048,232,5680.736469224117172
shp_3_0_0,38.665072,-9.196220,233,5697.092753357443144
shp_3_0_0,38.665020,-9.196419,234,5715.285304298487972
shp_3_0_0,38.664988,-9.196589,235,5730.506539640289702
shp_3_0_0,38.664977,-9.196778,236,5746.971002423824757
shp_3_0_0,38.664972,-9.196922,237,5759.407244316525066
shp_3_0_0,38.664957,-9.197333,238,5795.160537900082090
shp_3_0_0,38.664955,-9.197382,239,5799.394069983617555
shp_3_0_0,38.664951,-9.197505,240,5810.098093706407781
shp_3_0_0,38.664946,-9.197663,241,5823.869812505437949
shp_3_0_0,38.664936,-9.197827,242,5838.120978560929871
shp_3_0_0,38.664917,-9.197998,243,5853.167223290931361
shp_3_0_0,38.664896,-9.198158,244,5867.248236818120859
shp_3_0_0,38.664863,-9.198379,245,5886.790002219740018
shp_3_0_0,38.664773,-9.198940,246,5936.483217994427832
shp_3_0_0,38.664702,-9.199407,247,5977.818656771009046
shp_3_0_0,38.664613,-9.199953,248,6026.235154273029366
shp_3_0_0,38.664550,-9.200290,249,6056.344166370077801
shp_3_0_0,38.664492,-9.200652,250,6088.399441481484246
shp_3_0_0,38.664475,-9.200757,251,6097.708121014206881
shp_3_0_0,38.664411,-9.201155,252,6132.934836474983967
shp_3_0_0,38.664243,-9.202196,253,6225.288759034492614
shp_3_0_0,38.664182,-9.202522,254,6254.404450795705998
shp_3_0_0,38.664163,-9.202617,255,6262.907693911352908
shp_3_0_0,38.664149,-9.202691,256,6269.543329586309483
shp_3_0_0,38.663860,-9.204026,257,6389.772000820546054
shp_3_0_0,38.663851,-9.204066,258,6393.424973975442299
shp_3_0_0,38.663819,-9.204211,259,6406.487889195255775
shp_3_0_0,38.663807,-9.204267,260,6411.490927893063599
shp_3_0_0,38.663800,-9.204297,261,6414.269947422093537
shp_3_0_0,38.663719,-9.204686,262,6449.182648019983390
shp_3_0_0,38.663713,-9.204717,263,6451.977933616939481
shp_3_0_0,38.663709,-9.204735,264,6453.605262971934280
shp_3_0_0,38.663703,-9.204773,265,6456.934380546547800
shp_3_0_0,38.663698,-9.204797,266,6459.069851120521889
shp_3_0_0,38.663689,-9.204857,267,6464.447092157179213
shp_3_0_0,38.663687,-9.204869,268,6465.502247138023449
shp_3_0_0,38.663683,-9.204904,269,6468.600961764571366
shp_3_0_0,38.663681,-9.204918,270,6469.795096949481376
shp_3_0_0,38.663679,-9.204935,271,6471.277555533817576
shp_3_0_0,38.663676,-9.204962,272,6473.621246222747686
shp_3_0_0,38.663674,-9.204978,273,6475.066261140821553
shp_3_0_0,38.663670,-9.205019,274,6478.673770764627989
shp_3_0_0,38.663667,-9.205064,275,6482.601307860597444
shp_3_0_0,38.663664,-9.205111,276,6486.630863621773642
shp_3_0_0,38.663662,-9.205163,277,6491.203222588309472
shp_3_0_0,38.663655,-9.205505,278,6520.924050007783990
shp_3_0_0,38.663648,-9.206361,279,6595.241611012922476
shp_3_0_0,38.663646,-9.206515,280,6608.596067393796147
shp_3_0_0,38.663642,-9.206834,281,6636.306365104681390
shp_3_0_0,38.663641,-9.206855,282,6638.060529591237355
shp_3_0_0,38.663639,-9.207174,283,6665.828630053671986
shp_3_0_0,38.663635,-9.207576,284,6700.708053617018777
shp_3_0_0,38.663629,-9.208354,285,6768.252180323219363
shp_3_0_0,38.663621,-9.208957,286,6820.658677846850878
shp_3_0_0,38.663621,-9.208985,287,6823.072389159096019
shp_3_0_1,38.687739,-9.147419,0,0
shp_3_0_1,38.687701,-9.147416,1,4.243497335762290
shp_3_0_1,38.687550,-9.147405,2,21.106475375676649
shp_3_0_1,38.687220,-9.147381,3,57.817011606579840
shp_3_0_1,38.686968,-9.147361,4,85.846427862391465
shp_3_0_1,38.686884,-9.147354,5,95.293685965179648
shp_3_0_1,38.686809,-9.147348,6,103.591966663330723
shp_3_0_1,38.686774,-9.147346,7,107.543597952901521
shp_3_0_1,38.686740,-9.147338,8,111.320882912855609
shp_3_0_1,38.686706,-9.147325,9,115.339693364723317
shp_3_0_1,38.686663,-9.147302,10,120.504160436300552
shp_3_0_1,38.686613,-9.147269,11,126.732717202715392
shp_3_0_1,38.686115,-9.146955,12,188.479007607437609
shp_3_0_1,38.686027,-9.146891,13,199.728885515433888
shp_3_0_1,38.685893,-9.146825,14,215.671560415004421
shp_3_0_1,38.685769,-9.146781,15,229.946739541555587
shp_3_0_1,38.685648,-9.146754,16,243.655737616524732
shp_3_0_1,38.685493,-9.146748,17,260.886231640861922
shp_3_0_1,38.685470,-9.146749,18,263.444086683853754
shp_3_0_1,38.685353,-9.146758,19,276.522789840119117
shp_3_0_1,38.685248,-9.146775,20,288.249217509361245
shp_3_0_1,38.685192,-9.146792,21,294.685283183385195
shp_3_0_1,38.685120,-9.146832,22,303.337184150219628
shp_3_0_1,38.685072,-9.146897,23,311.121310330722793
shp_3_0_1,38.685035,-9.146988,24,320.078779086644033
shp_3_0_1,38.685022,-9.147046,25,325.248268093516515
shp_3_0_1,38.685014,-9.147101,26,330.140379238695516
shp_3_0_1,38.685003,-9.147182,27,337.303393379333500
shp_3_0_1,38.684995,-9.147275,28,345.419592925147526
shp_3_0_1,38.684964,-9.147589,29,372.879758320278654
shp_3_0_1,38.684917,-9.148008,30,409.610834977275601
shp_3_0_1,38.684873,-9.148276,31,433.360183639643139
shp_3_0_1,38.684811,-9.148568,32,459.663491938828827
shp_3_0_1,38.684735,-9.148828,33,483.754446414113374
shp_3_0_1,38.684647,-9.149091,34,508.583305673456891
shp_3_0_1,38.684516,-9.149395,35,538.763675489962793
shp_3_0_1,38.684367,-9.149714,36,570.965605231326890
shp_3_0_1,38.684221,-9.149968,37,598.400049956063299
shp_3_0_1,38.684080,-9.150197,38,623.716218858137836
shp_3_0_1,38.683872,-9.150498,39,658.527027381165908
shp_3_0_1,38.683439,-9.151063,40,727.340120139448231
shp_3_0_1,38.683284,-9.151261,41,751.658977476804239
shp_3_0_1,38.683087,-9.151511,42,782.403710622878179
shp_3_0_1,38.682763,-9.151964,43,835.818213872074011
shp_3_0_1,38.682722,-9.152017,44,842.267004787009910
shp_3_0_1,38.682509,-9.152293,45,875.975459721182347
shp_3_0_1,38.682299,-9.152565,46,909.157686184617546
shp_3_0_1,38.682244,-9.152635,47,917.790254976443066
shp_3_0_1,38.682072,-9.152846,48,944.295135779521729
shp_3_0_1,38.681951,-9.153034,49,965.453526922533001
shp_3_0_1,38.681829,-9.153230,50,987.164901999531139
shp_3_0_1,38.681609,-9.153595,51,1027.165489703195817
shp_3_0_1,38.681268,-9.154189,52,1091.188795868400803
shp_3_0_1,38.680439,-9.155647,53,1247.738819472995146
shp_3_0_1,38.680414,-9.155692,54,1252.592747444837414
shp_3_0_1,38.680216,-9.156040,55,1289.951848247964563
shp_3_0_1,38.680197,-9.156073,56,1293.539215947612092
shp_3_0_1,38.680027,-9.156372,57,1325.586083188892644
shp_3_0_1,38.679665,-9.157225,58,1409.913060616334405
shp_3_0_1,38.679636,-9.157296,59,1416.861339321204923
shp_3_0_1,38.679501,-9.157626,60,1449.165813322987788
shp_3_0_1,38.679388,-9.157906,61,1476.609006361799857
shp_3_0_1,38.679354,-9.157989,62,1484.642813178342067
shp_3_0_1,38.679295,-9.158136,63,1499.006156719613273
shp_3_0_1,38.678933,-9.159034,64,1586.806091163819474
shp_3_0_1,38.678835,-9.159270,65,1610.012950523418340
shp_3_0_1,38.678825,-9.159298,66,1612.692463226026803
shp_3_0_1,38.678293,-9.160613,67,1741.216357521762120
shp_3_0_1,38.677774,-9.161850,68,1863.152755651267853
shp_3_0_1,38.677407,-9.162711,69,1948.326374968227810
shp_3_0_1,38.676951,-9.163780,70,2053.990019905000736
shp_3_0_1,38.676924,-9.163838,71,2059.878366065655882
shp_3_0_1,38.676879,-9.163926,72,2069.029842623977856
shp_3_0_1,38.676825,-9.164019,73,2079.091864944828558
shp_3_0_1,38.676655,-9.164303,74,2110.164894173999528
shp_3_0_1,38.676485,-9.164587,75,2141.231194674841845
shp_3_0_1,38.676444,-9.164653,76,2148.546067501524249
shp_3_0_1,38.676364,-9.164772,77,2162.179966328844785
shp_3_0_1,38.676319,-9.164828,78,2169.128759283834825
shp_3_0_1,38.676265,-9.164895,79,2177.544416316777188
shp_3_0_1,38.676197,-9.164977,80,2187.902606019103132
shp_3_0_1,38.676104,-9.165067,81,2200.871272882347512
shp_3_0_1,38.676036,-9.165121,82,2209.739407347536599
shp_3_0_1,38.675984,-9.165165,83,2216.706392471628988
shp_3_0_1,38.675909,-9.165220,84,2226.252014828834035
shp_3_0_1,38.675836,-9.165272,85,2235.584428039537670
shp_3_0_1,38.674544,-9.166143,86,2397.927154477300974
shp_3_0_1,38.674391,-9.166247,87,2417.120098820420480
shp_3_0_1,38.674245,-9.166343,88,2435.437999262757330
shp_3_0_1,38.673975,-9.166472,89,2467.496046544211822
shp_3_0_1,38.673715,-9.166568,90,2497.570898047542869
shp_3_0_1,38.673570,-9.166611,91,2514.055681551080852
shp_3_0_1,38.673470,-9.166635,92,2525.435875652527102
shp_3_0_1,38.673336,-9.166659,93,2540.493195577778806
shp_3_0_1,38.673191,-9.166678,94,2556.632498316182591
shp_3_0_1,38.673023,-9.166686,95,2575.327840121956342
shp_3_0_1,38.672873,-9.166686,96,2592.040496756751963
shp_3_0_1,38.672754,-9.166676,97,2605.357780535116945
shp_3_0_1,38.672623,-9.166657,98,2619.993382714419567
shp_3_0_1,38.672322,-9.166581,99,2654.045955704805692
shp_3_0_1,38.672253,-9.166597,100,2661.899390987258812
shp_3_0_1,38.672211,-9.166613,101,2666.718505975304652
shp_3_0_1,38.672172,-9.166635,102,2671.443386286460282
shp_3_0_1,38.672046,-9.166747,103,2688.495823485494384
shp_3_0_1,38.671886,-9.166888,104,2710.083537060924300
shp_3_0_1,38.671244,-9.167451,105,2796.663379430215628
shp_3_0_1,38.671185,-9.167502,106,2804.518049870458981
shp_3_0_1,38.671108,-9.167542,107,2813.803225721573199
shp_3_0_1,38.671016,-9.167571,108,2824.359664923877972
shp_3_0_1,38.670908,-9.167595,109,2836.488921536326870
shp_3_0_1,38.670519,-9.167659,110,2880.086050944576527
shp_3_0_1,38.670440,-9.167686,111,2889.237872640211208
shp_3_0_1,38.670375,-9.167721,112,2897.064678780890063
shp_3_0_1,38.670327,-9.167770,113,2903.901924575207886
shp_3_0_1,38.670291,-9.167804,114,2908.882138078920889
shp_3_0_1,38.670253,-9.167847,115,2914.494843808065525
shp_3_0_1,38.669938,-9.168247,116,2963.806645679295343
shp_3_0_1,38.669744,-9.168519,117,2995.755247956467883
shp_3_0_1,38.669653,-9.168661,118,3011.734029128079328
shp_3_0_1,38.669288,-9.169268,119,3078.284044162388909
shp_3_0_1,38.669175,-9.169456,120,3098.793292565233514
shp_3_0_1,38.669129,-9.169542,121,3107.868840818241097
shp_3_0_1,38.669100,-9.169605,122,3114.261474170563361
shp_3_0_1,38.669073,-9.169675,123,3121.001742140621445
shp_3_0_1,38.669054,-9.169739,124,3126.974723751188776
shp_3_0_1,38.669034,-9.169824,125,3134.676943354332707
shp_3_0_1,38.668964,-9.170153,126,3164.281507438802691
shp_3_0_1,38.668925,-9.170438,127,3189.423533715568738
shp_3_0_1,38.668917,-9.170485,128,3193.561163729337750
shp_3_0_1,38.668229,-9.174398,129,3541.780728182090570
shp_3_0_1,38.668090,-9.175099,130,3604.575514089608532
shp_3_0_1,38.668072,-9.175216,131,3614.988381128715446
shp_3_0_1,38.668067,-9.175266,132,3619.367972418261616
shp_3_0_1,38.668063,-9.175297,133,3622.082036764252734
shp_3_0_1,38.668062,-9.175341,134,3625.897530589185862
shp_3_0_1,38.668062,-9.175440,135,3634.440504087530371
shp_3_0_1,38.668076,-9.175526,136,3642.090723014256582
shp_3_0_1,38.668101,-9.175641,137,3652.482727562841319
shp_3_0_1,38.668122,-9.175738,138,3661.188426275580696
shp_3_0_1,38.668151,-9.175861,139,3672.384942381071141
shp_3_0_1,38.668170,-9.175966,140,3681.694309188207171
shp_3_0_1,38.668178,-9.176044,141,3688.525796308039844
shp_3_0_1,38.668176,-9.176119,142,3695.031590726902323
shp_3_0_1,38.668159,-9.176183,143,3700.941842620701664
shp_3_0_1,38.668126,-9.176253,144,3708.022890452285537
shp_3_0_1,38.668082,-9.176325,145,3715.995110876478520
shp_3_0_1,38.667969,-9.176454,146,3732.848687312247876
shp_3_0_1,38.667829,-9.176591,147,3752.424034283685614
shp_3_0_1,38.667659,-9.176789,148,3777.979201025512793
shp_3_0_1,38.667577,-9.176915,149,3792.198397768540417
shp_3_0_1,38.667447,-9.177170,150,3818.618103720024465
shp_3_0_1,38.667294,-9.177532,151,3854.381895659022575
shp_3_0_1,38.667086,-9.178010,152,3901.886172816387898
shp_3_0_1,38.666560,-9.179241,153,4023.740789954684715
shp_3_0_1,38.666386,-9.179653,154,4064.367153042325299
shp_3_0_1,38.666239,-9.179997,155,4098.433032896732584
shp_3_0_1,38.666089,-9.180345,156,4132.879143176950492
shp_3_0_1,38.666017,-9.180515,157,4149.738010855162429
shp_3_0_1,38.665990,-9.180627,158,4159.953141955527826
shp_3_0_1,38.665956,-9.180732,159,4169.768928513043647
shp_3_0_1,38.665921,-9.180823,160,4178.621412881501783
shp_3_0_1,38.665435,-9.181944,161,4289.954907136631846
shp_3_0_1,38.665345,-9.182146,162,4310.105632928288287
shp_3_0_1,38.665269,-9.182299,163,4325.806637779879566
shp_3_0_1,38.665137,-9.182569,164,4353.524991583519295
shp_3_0_1,38.665012,-9.182848,165,4381.465569453423996
shp_3_0_1,38.664670,-9.183637,166,4459.772064847416914
shp_3_0_1,38.664595,-9.183801,167,4476.266107118171931
shp_3_0_1,38.664516,-9.183948,168,4491.807487594317536
shp_3_0_1,38.664265,-9.184364,169,4537.432570130182285
shp_3_0_1,38.664159,-9.184541,170,4556.765964723194884
shp_3_0_1,38.664126,-9.184624,171,4564.867952436149608
shp_3_0_1,38.664113,-9.184680,172,4569.975789621463264
shp_3_0_1,38.664103,-9.184777,173,4578.465098516011494
shp_3_0_1,38.664109,-9.184849,174,4584.746895175932877
shp_3_0_1,38.664126,-9.184957,175,4594.250525946413291
shp_3_0_1,38.664201,-9.185284,176,4623.868503775773206
shp_3_0_1,38.664259,-9.185589,177,4651.109984958766290
shp_3_0_1,38.664271,-9.185641,178,4655.881408310820916
shp_3_0_1,38.664282,-9.185692,179,4660.466860823156821
shp_3_0_1,38.664292,-9.185750,180,4665.597526162230679
shp_3_0_1,38.664296,-9.185818,181,4671.555458949250351
shp_3_0_1,38.664295,-9.185869,182,4675.949225976773960
shp_3_0_1,38.664291,-9.185904,183,4679.058328344881375
shp_3_0_1,38.664288,-9.185946,184,4682.681731348093308
shp_3_0_1,38.664276,-9.186004,185,4687.846418609832654
shp_3_0_1,38.664246,-9.186101,186,4696.954104629882750
shp_3_0_1,38.664220,-9.186167,187,4703.351937733768864
shp_3_0_1,38.664184,-9.186249,188,4711.528330263301541
shp_3_0_1,38.663994,-9.186654,189,4752.586115363308636
shp_3_0_1,38.663856,-9.186974,190,4784.273406696773236
shp_3_0_1,38.663803,-9.187129,191,4798.981727912400856
shp_3_0_1,38.663749,-9.187328,192,4817.250693822060384
shp_3_0_1,38.663720,-9.187545,193,4836.388233647244306
shp_3_0_1,38.663705,-9.187837,194,4861.828148474261980
shp_3_0_1,38.663711,-9.188151,195,4889.082537237992256
shp_3_0_1,38.663722,-9.188401,196,4910.776573961992653
shp_3_0_1,38.663741,-9.188655,197,4932.998930289314558
shp_3_0_1,38.663755,-9.188789,198,4944.754665224278142
shp_3_0_1,38.663922,-9.190011,199,5052.409169053127698
shp_3_0_1,38.663967,-9.190349,200,5082.239865753422237
shp_3_0_1,38.664015,-9.190692,201,5112.412871711647313
shp_3_0_1,38.664067,-9.191091,202,5147.554339189033271
shp_3_0_1,38.664075,-9.191156,203,5153.300149450353274
shp_3_0_1,38.664079,-9.191255,204,5161.934371974523856
shp_3_0_1,38.664086,-9.191408,205,5175.228168879102668
shp_3_0_1,38.664075,-9.191577,206,5189.939078375072313
shp_3_0_1,38.664058,-9.191795,207,5208.898105618624868
shp_3_0_1,38.664058,-9.191929,208,5220.541152655561746
shp_3_0_1,38.664086,-9.192092,209,5235.066245682109184
shp_3_0_1,38.664117,-9.192170,210,5242.670130502112443
shp_3_0_1,38.664153,-9.192237,211,5249.713617164160496
shp_3_0_1,38.664213,-9.192315,212,5259.256535888064718
shp_3_0_1,38.664287,-9.192379,213,5269.140680495956076
shp_3_0_1,38.664391,-9.192454,214,5282.484407656997973
shp_3_0_1,38.665372,-9.193093,215,5404.761876934303473
shp_3_0_1,38.665447,-9.193149,216,5414.466854286848502
shp_3_0_1,38.665499,-9.193213,217,5422.534260807109604
shp_3_0_1,38.665524,-9.193264,218,5427.761045342323996
shp_3_0_1,38.665550,-9.193326,219,5433.806564510457974
shp_3_0_1,38.665564,-9.193388,220,5439.404065366018585
shp_3_0_1,38.665575,-9.193452,221,5445.115988106762416
shp_3_0_1,38.665575,-9.193530,222,5451.870722472430316
shp_3_0_1,38.665550,-9.193994,223,5492.233745686107795
shp_3_0_1,38.665531,-9.194339,224,5522.301900035417020
shp_3_0_1,38.665502,-9.194889,225,5570.132567480744001
shp_3_0_1,38.665489,-9.195102,226,5588.671660593616252
shp_3_0_1,38.665459,-9.195271,227,5603.693444292427557
shp_3_0_1,38.665412,-9.195457,228,5620.772235806183744
shp_3_0_1,38.665363,-9.195571,229,5632.000388098686926
shp_3_0_1,38.665303,-9.195694,230,5644.585092770812480
shp_3_0_1,38.665214,-9.195880,231,5663.478819202888189
shp_3_0_1,38.665133,-9.196048,232,5680.736469224117172
shp_3_0_1,38.665072,-9.196220,233,5697.092753357443144
shp_3_0_1,38.665020,-9.196419,234,5715.285304298487972
shp_3_0_1,38.664988,-9.196589,235,5730.506539640289702
shp_3_0_1,38.664977,-9.196778,236,5746.971002423824757
shp_3_0_1,38.664972,-9.196922,237,5759.407244316525066
shp_3_0_1,38.664957,-9.197333,238,5795.160537900082090
shp_3_0_1,38.664955,-9.197382,239,5799.394069983617555
shp_3_0_1,38.664951,-9.197505,240,5810.098093706407781
shp_3_0_1,38.664946,-9.197663,241,5823.869812505437949
shp_3_0_1,38.664936,-9.197827,242,5838.120978560929871
shp_3_0_1,38.664917,-9.197998,243,5853.167223290931361
shp_3_0_1,38.664896,-9.198158,244,5867.248236818120859
shp_3_0_1,38.664863,-9.198379,245,5886.790002219740018
shp_3_0_1,38.664773,-9.198940,246,5936.483217994427832
shp_3_0_1,38.664702,-9.199407,247,5977.818656771009046
shp_3_0_1,38.664613,-9.199953,248,6026.235154273029366
shp_3_0_1,38.664550,-9.200290,249,6056.344166370077801
shp_3_0_1,38.664492,-9.200652,250,6088.399441481484246
shp_3_0_1,38.664475,-9.200757,251,6097.708121014206881
shp_3_0_1,38.664411,-9.201155,252,6132.934836474983967
shp_3_0_1,38.664243,-9.202196,253,6225.288759034492614
shp_3_0_1,38.664182,-9.202522,254,6254.404450795705998
shp_3_0_1,38.664163,-9.202617,255,6262.907693911352908
shp_3_0_1,38.664149,-9.202691,256,6269.543329586309483
shp_3_0_1,38.663860,-9.204026,257,6389.772000820546054
shp_3_0_1,38.663851,-9.204066,258,6393.424973975442299
shp_3_0_1,38.663819,-9.204211,259,6406.487889195255775
shp_3_0_1,38.663807,-9.204267,260,6411.490927893063599
shp_3_0_1,38.663800,-9.204297,261,6414.269947422093537
shp_3_0_1,38.663719,-9.204686,262,6449.182648019983390
shp_3_0_1,38.663713,-9.204717,263,6451.977933616939481
shp_3_0_1,38.663709,-9.204735,264,6453.605262971934280
shp_3_0_1,38.663703,-9.204773,265,6456.934380546547800
shp_3_0_1,38.663698,-9.204797,266,6459.069851120521889
shp_3_0_1,38.663689,-9.204857,267,6464.447092157179213
shp_3_0_1,38.663687,-9.204869,268,6465.502247138023449
shp_3_0_1,38.663683,-9.204904,269,6468.600961764571366
shp_3_0_1,38.663681,-9.204918,270,6469.795096949481376
shp_3_0_1,38.663679,-9.204935,271,6471.277555533817576
shp_3_0_1,38.663676,-9.204962,272,6473.621246222747686
shp_3_0_1,38.663674,-9.204978,273,6475.066261140821553
shp_3_0_1,38.663670,-9.205019,274,6478.673770764627989
shp_3_0_1,38.663667,-9.205064,275,6482.601307860597444
shp_3_0_1,38.663664,-9.205111,276,6486.630863621773642
shp_3_0_1,38.663662,-9.205163,277,6491.203222588309472
shp_3_0_1,38.663655,-9.205505,278,6520.924050007783990
shp_3_0_1,38.663648,-9.206361,279,6595.241611012922476
shp_3_0_1,38.663646,-9.206515,280,6608.596067393796147
shp_3_0_1,38.663642,-9.206834,281,6636.306365104681390
shp_3_0_1,38.663641,-9.206855,282,6638.060529591237355
shp_3_0_1,38.663639,-9.207174,283,6665.828630053671986
shp_3_0_1,38.663635,-9.207576,284,6700.708053617018777
shp_3_0_1,38.663629,-9.208354,285,6768.252180323219363
shp_3_0_1,38.663621,-9.208957,286,6820.658677846850878
shp_3_0_1,38.663621,-9.208985,287,6823.072389159096019